100 300
184 44
184 66
184 58
184 56
184 14
184 58
184 15
184 57
184 96
184 90
184 62
184 78
184 12
184 8
184 31
184 87
184 37
184 71
184 56
184 78
184 39
184 98
184 44
184 14
184 81
184 78
184 35
184 87
184 59
184 35
184 57
184 37
184 16
184 41
184 73
184 30
184 89
184 15
184 87
184 16
184 36
184 73
184 87
184 65
184 37
184 53
184 40
184 28
184 11
184 72
184 82
184 35
184 22
184 60
184 86
184 85
184 11
184 33
184 65
184 56
184 64
184 45
184 64
184 69
184 64
184 56
184 96
184 1
184 23
184 57
184 7
184 37
184 23
184 40
184 55
184 37
184 67
184 34
184 3
184 72
184 82
184 9
184 22
184 89
184 15
184 100
184 42
184 71
184 18
184 17
184 84
184 55
184 28
184 84
184 92
184 19
184 15
184 98
184 79
184 67
83 77
83 42
77 91
77 16
42 53
42 57
91 76
91 68
16 43
16 2
53 39
53 72
57 95
57 22
76 30
76 98
68 73
68 38
43 89
43 80
2 88
2 60
39 79
39 96
72 75
72 66
95 40
95 44
22 4
22 26
30 5
30 31
98 84
98 34
73 41
73 35
38 93
38 58
89 55
89 32
80 100
80 78
88 28
88 29
60 21
60 9
79 24
79 54
96 82
96 11
75 63
75 87
66 61
66 85
40 48
40 37
44 8
44 15
4 27
4 19
26 36
26 62
5 86
5 70
31 51
31 50
84 47
84 33
34 52
34 14
41 49
41 45
35 64
35 81
93 71
93 7
58 6
58 94
55 92
55 12
32 67
32 20
100 65
100 3
78 90
78 97
28 46
28 59
29 17
29 74
21 10
21 23
9 25
9 18
24 1
24 99
54 13
54 69
82 56
