300 300
76 63
26 78
245 91
212 66
249 70
84 7
72 70
285 32
20 31
132 86
184 4
110 52
61 38
180 64
130 49
186 16
194 68
214 89
97 32
187 92
259 51
119 86
124 62
151 82
51 12
17 12
247 75
298 63
94 98
210 2
126 56
141 31
165 89
133 35
172 97
112 26
129 60
12 88
132 18
160 39
227 31
197 58
215 88
158 28
215 64
11 66
262 24
96 6
64 58
101 48
171 82
202 31
203 60
124 21
51 20
280 35
220 61
54 9
56 23
7 61
164 25
7 75
212 66
243 65
257 66
201 88
233 1
147 85
259 94
186 27
262 5
108 81
55 53
174 2
198 77
124 33
93 61
161 20
77 43
179 86
98 33
159 80
148 7
264 12
17 88
122 40
189 46
76 21
174 64
45 27
134 89
80 45
183 68
276 22
119 32
211 55
149 19
22 64
273 73
180 37
160 72
11 14
223 82
225 92
177 76
19 78
30 8
55 50
257 30
285 11
214 80
59 11
54 83
148 66
69 35
295 19
212 95
139 67
178 82
299 17
239 57
271 63
122 81
119 39
23 5
95 81
164 4
226 74
263 21
70 66
228 28
135 12
74 40
13 66
78 37
11 41
43 26
83 97
296 87
226 51
161 23
175 88
253 82
136 45
255 89
251 94
242 90
129 73
149 53
147 42
258 9
19 8
274 87
267 14
293 15
293 30
189 68
296 69
192 92
263 74
169 21
78 21
226 50
265 45
62 25
93 37
16 63
94 16
213 95
176 90
235 90
120 72
66 72
273 58
242 8
34 1
131 89
95 18
46 80
21 18
60 31
17 10
295 61
50 45
129 70
211 36
225 17
224 62
211 44
40 74
27 71
299 61
29 11
160 72
207 100
249 77
114 65
46 88
78 26
121 45
241 99
119 38
203 99
127 8
137 87
6 61
65 31
138 57
148 99
61 92
213 26
287 69
220 64
36 7
147 85
35 97
281 97
28 52
272 31
243 50
193 59
30 75
111 50
244 20
124 84
83 78
130 29
174 46
221 80
93 38
154 29
294 75
156 69
202 88
233 86
86 30
72 24
169 32
121 44
59 37
278 62
287 48
40 59
39 43
271 13
121 1
148 99
183 90
95 22
56 74
169 87
291 12
249 70
160 53
234 16
284 69
95 74
296 84
171 43
227 26
158 51
286 44
261 73
37 32
203 13
108 6
290 78
232 88
183 91
38 89
136 1
168 33
198 23
174 78
265 19
149 90
10 18
183 87
22 38
68 34
173 89
186 79
50 85
298 80
125 91
257 64
275 85
31 1
283 59
253 59
289 7
11 9
240 25
133 88
215 88
154 79
88 66
213 12
140 15
16 60
231 270
231 287
270 113
270 173
287 260
287 180
113 56
113 253
173 209
173 51
260 237
260 283
180 124
180 172
56 199
56 236
253 21
253 109
209 2
209 177
51 114
51 118
237 222
237 175
283 92
283 298
124 28
124 193
172 276
172 158
199 267
199 75
236 97
236 4
21 194
21 225
109 125
109 282
2 132
2 19
177 57
177 232
114 244
114 83
118 20
118 5
222 213
222 160
175 216
175 38
92 205
92 3
298 169
298 235
28 53
28 238
193 111
193 12
276 230
276 275
158 78
158 30
267 99
267 31
75 93
75 211
97 252
97 164
4 69
4 108
194 142
194 89
225 266
225 272
125 176
125 115
282 191
282 71
132 148
132 233
19 143
19 268
57 120
57 161
232 197
232 60
244 102
244 192
83 145
83 219
20 189
20 229
5 16
5 202
213 300
213 289
160 278
160 33
216 79
216 251
38 136
38 204
205 206
205 139
3 6
3 257
169 246
169 223
235 168
235 174
53 81
53 281
238 37
238 183
111 106
111 103
12 156
12 243
230 36
230 249
275 178
275 17
78 224
78 39
30 29
30 210
99 54
99 198
31 119
31 105
93 293
93 226
211 14
211 42
252 100
252 72
164 277
164 212
69 262
69 135
108 126
108 121
142 96
142 65
89 285
89 130
266 273
266 88
272 23
272 181
176 220
176 59
115 131
115 245
191 137
191 76
71 294
71 50
148 140
148 259
233 8
233 241
143 154
143 258
268 62
268 63
120 157
120 35
161 46
161 74
197 43
197 7
60 146
60 269
102 112
102 24
192 187
192 49
145 134
145 41
219 152
219 214
189 234
189 107
229 284
229 248
16 280
16 66
202 217
202 264
300 45
300 122
289 95
289 296
278 47
278 141
33 101
33 80
79 240
79 123
251 104
251 86
136 215
136 91
204 279
204 18
206 254
206 85
139 133
139 299
6 77
6 127
257 70
257 162
246 207
246 26
223 171
223 292
168 297
168 27
174 110
174 166
81 61
81 11
281 1
281 170
37 291
37 44
183 274
183 149
106 195
106 22
103 186
103 10
156 32
156 261
243 201
243 94
36 25
36 90
249 163
249 129
178 9
178 52
17 188
17 200
224 208
224 144
39 190
39 265
29 256
29 182
210 290
210 73
54 165
54 34
198 82
198 155
119 84
119 48
105 151
105 247
293 255
293 150
226 40
226 288
14 185
14 227
42 196
42 250
100 263
100 271
72 218
72 117
277 98
277 228
212 13
212 87
262 153
262 295
135 55
135 167
126 184
126 147
121 68
121 58
96 116
96 242
65 64
65 203
285 221
285 286
130 179
130 138
273 128
273 239
88 159
88 15
23 67
