300 300
41 31
30 52
55 92
102 51
16 5
175 78
7 97
97 34
143 96
95 10
16 81
103 98
42 62
136 71
194 45
245 18
38 56
158 88
146 14
12 85
20 95
138 50
298 5
277 57
22 46
142 4
35 35
41 82
120 89
161 75
265 43
24 20
234 64
3 30
196 62
95 100
273 8
244 98
1 92
151 64
161 63
200 52
108 4
254 72
82 98
93 75
47 91
95 74
197 21
102 59
76 6
147 50
125 73
83 67
245 64
76 84
217 37
36 85
115 65
122 100
122 76
253 49
290 53
190 26
258 86
249 17
54 68
216 56
297 25
19 10
47 47
273 45
90 74
200 56
191 71
10 35
94 71
99 48
105 10
215 88
132 9
71 15
15 75
156 26
45 8
112 68
221 4
45 80
109 60
45 59
256 24
33 57
39 11
183 59
126 80
125 21
211 17
145 31
27 59
54 80
217 81
250 7
47 40
13 44
283 79
51 30
252 91
264 15
126 49
296 92
168 70
6 8
247 73
173 21
50 52
121 23
40 71
139 70
4 87
289 26
88 44
118 84
265 50
58 99
52 16
5 24
232 60
93 38
268 49
182 31
44 36
13 69
289 18
117 26
233 52
62 4
197 31
203 33
118 90
150 50
30 43
233 97
164 92
179 96
229 41
181 55
245 34
213 68
241 68
266 20
24 97
197 22
201 68
204 91
90 77
93 82
18 93
35 9
235 44
123 34
119 54
23 50
89 10
299 34
43 80
112 8
15 60
205 61
87 73
62 45
130 73
249 41
251 71
80 87
96 4
60 6
115 26
254 85
188 35
256 83
253 62
187 89
143 8
288 54
2 69
222 8
255 75
34 75
59 38
108 30
294 40
33 98
63 55
119 39
281 75
41 1
44 41
56 17
99 54
101 9
176 58
116 44
299 92
64 70
164 72
1 78
193 83
27 6
36 6
13 98
64 92
201 6
94 100
203 75
233 21
155 80
9 94
68 47
35 28
56 33
227 37
275 86
233 3
157 5
88 34
281 98
258 43
53 40
54 40
38 62
15 47
270 68
135 57
180 63
268 79
147 96
127 73
262 53
175 35
31 3
147 70
243 49
49 26
230 30
70 40
86 98
279 17
72 76
89 44
203 90
215 26
210 39
88 18
96 72
11 89
293 25
119 30
162 54
286 53
51 50
198 24
93 28
72 63
272 62
193 21
273 69
234 78
28 79
220 97
240 55
258 85
21 42
173 81
108 66
194 53
169 85
86 63
49 79
298 69
109 84
32 54
258 6
297 96
150 58
247 10
224 90
132 14
156 32
62 26
233 80
141 7
219 7
177 4
174 23
165 11
213 13
286 66
276 33
90 44
67 44
152 291
291 181
181 180
180 276
276 94
94 154
154 11
11 9
9 32
32 80
80 296
296 151
151 233
233 178
178 161
161 300
300 141
141 56
56 68
68 262
262 237
237 282
282 33
33 277
277 19
19 107
107 158
158 8
8 26
26 222
222 25
25 250
250 119
119 173
173 219
219 194
194 243
243 99
99 225
225 115
115 257
257 136
136 184
184 64
64 146
146 16
16 188
188 112
112 227
227 82
82 130
130 92
92 30
30 41
41 278
278 228
228 230
230 206
206 212
212 174
174 73
73 164
164 261
261 52
52 13
13 209
209 285
285 126
126 98
98 79
79 135
135 102
102 120
120 192
192 128
128 268
268 267
267 156
156 159
159 20
20 121
121 295
295 67
67 124
124 14
14 224
224 34
34 183
183 264
264 38
38 171
171 28
28 254
254 1
1 23
23 187
187 81
81 110
110 87
87 90
90 12
12 221
221 182
182 271
271 160
160 76
76 258
258 176
176 201
201 220
220 231
231 235
235 155
155 93
93 232
232 46
46 298
298 144
144 95
95 113
113 17
17 65
65 117
117 138
138 248
248 213
213 214
214 40
40 97
97 179
179 280
280 5
5 148
148 61
61 59
59 239
239 266
266 31
31 143
143 186
186 246
246 84
84 4
4 88
88 234
234 202
202 203
203 190
190 284
284 299
299 2
2 49
49 259
259 43
43 207
207 6
6 195
195 170
170 108
108 274
274 140
140 167
167 125
125 185
185 96
96 211
211 247
247 216
216 57
57 256
256 251
251 289
289 177
177 132
132 238
238 85
85 149
149 205
205 101
101 29
29 45
45 198
198 7
7 48
48 55
55 293
293 131
131 103
103 24
24 69
69 249
249 72
72 3
3 127
127 199
199 60
60 53
53 175
175 106
106 104
104 165
165 147
147 77
77 162
162 244
244 145
145 263
263 91
91 36
36 196
196 236
236 163
163 166
166 10
10 157
157 75
75 137
137 204
204 210
210 22
22 118
118 217
217 142
142 273
273 290
290 223
223 58
58 172
172 18
18 54
54 70
70 281
281 62
62 109
109 114
114 229
229 63
63 265
265 74
74 44
44 27
27 133
133 123
123 270
270 197
197 83
83 100
100 139
139 111
111 189
189 66
66 193
193 15
15 50
50 283
283 35
35 241
241 287
287 168
168 242
242 116
116 294
294 51
51 255
255 286
286 245
245 272
272 39
39 191
191 218
218 37
37 226
226 200
200 215
215 122
122 47
47 78
78 169
169 86
86 129
129 297
297 71
71 134
134 240
240 269
269 150
150 42
42 208
208 153
153 275
275 288
288 252
252 292
292 279
279 260
260 105
105 89
89 253
253 21
