100 300
178 95
294 85
131 92
58 73
183 74
119 89
35 10
300 69
45 25
233 93
26 41
196 53
171 57
212 78
128 29
97 66
242 75
137 91
172 94
284 58
69 23
100 7
296 42
148 78
115 76
211 74
152 67
16 95
281 86
118 10
185 86
185 28
288 82
103 46
41 55
54 43
197 96
199 12
86 74
239 39
216 95
85 73
16 4
19 17
24 67
235 62
262 29
159 98
266 97
70 3
44 78
143 93
53 6
139 42
193 35
62 43
200 82
256 25
39 23
249 24
55 11
300 79
189 30
277 55
151 19
71 21
100 82
28 2
121 30
295 31
153 45
47 41
16 79
172 21
51 27
193 43
56 83
290 38
264 91
203 10
48 85
40 22
257 62
34 44
110 70
21 88
238 81
142 53
7 46
99 32
17 71
114 35
54 70
193 35
2 24
155 73
264 82
122 56
168 70
123 98
32 62
32 69
32 96
32 93
32 86
32 64
32 23
32 25
32 56
32 8
32 100
32 51
32 50
32 24
32 42
32 70
32 63
32 20
32 48
32 12
32 91
32 47
32 11
32 87
32 4
32 78
32 10
32 17
32 31
32 13
32 99
32 61
32 54
32 72
32 97
32 15
32 59
32 37
32 65
32 43
32 35
32 21
32 29
32 30
32 79
32 92
32 73
32 75
32 34
32 33
32 44
32 68
32 57
32 36
32 89
32 49
32 38
32 76
32 55
32 16
32 84
32 22
32 40
32 94
32 74
32 98
32 71
32 19
32 39
32 26
32 82
32 58
32 6
32 83
32 28
32 18
32 3
32 85
32 95
32 1
32 5
32 14
32 2
32 27
32 53
32 9
32 90
32 80
32 81
32 66
32 41
32 77
32 88
32 60
32 45
32 52
32 7
32 67
32 46
