300 10
7 90
7 43
7 78
7 60
7 16
7 17
7 52
7 99
7 41
7 61
7 9
7 10
7 67
7 67
7 43
7 8
7 94
7 2
7 17
7 16
7 88
7 51
7 73
7 67
7 85
7 32
7 67
7 34
7 37
7 50
7 24
7 46
7 91
7 87
7 18
7 92
7 47
7 14
7 14
7 90
7 16
7 38
7 83
7 30
7 60
7 51
7 94
7 73
7 67
7 30
7 56
7 10
7 96
7 85
7 79
7 68
7 37
7 77
7 96
7 56
7 33
7 67
7 47
7 87
7 13
7 80
7 63
7 10
7 31
7 92
7 88
7 10
7 85
7 3
7 51
7 18
7 14
7 5
7 61
7 83
7 37
7 76
7 60
7 98
7 6
7 2
7 30
7 88
7 77
7 77
7 90
7 13
7 32
7 5
7 45
7 21
7 91
7 6
7 35
7 3
7 77
7 93
7 63
7 83
7 39
7 45
7 52
7 44
7 19
7 72
7 99
7 34
7 74
7 23
7 76
7 76
7 45
7 24
7 6
7 97
7 97
7 89
7 43
7 97
7 4
7 1
7 78
7 21
7 20
7 25
7 46
7 64
7 74
7 98
7 79
7 97
7 83
7 57
7 31
7 54
7 11
7 79
7 64
7 84
7 27
7 83
7 10
7 64
7 76
7 60
7 96
7 99
7 5
7 35
7 43
7 79
7 43
7 33
7 24
7 47
7 46
7 70
7 53
7 56
7 38
7 92
7 30
7 91
7 92
7 6
7 68
7 95
7 12
7 25
7 94
7 63
7 50
7 91
7 55
7 67
7 43
7 80
7 64
7 78
7 90
7 98
7 74
7 24
7 89
7 81
7 80
7 47
7 90
7 56
7 50
7 95
7 61
7 96
7 84
7 63
7 64
7 14
7 42
7 82
7 87
7 13
7 44
7 13
7 17
7 26
7 95
7 44
7 31
7 57
7 85
7 24
7 71
7 22
7 33
7 69
7 88
7 21
7 99
7 24
7 22
7 18
7 36
7 11
7 47
7 34
7 91
7 67
7 85
7 83
7 61
7 85
7 74
7 8
7 40
7 2
7 18
7 24
7 48
7 85
7 20
7 8
7 11
7 13
7 45
7 63
7 68
7 18
7 85
7 74
7 49
7 63
7 49
7 34
7 59
7 40
7 11
7 76
7 3
7 51
7 7
7 87
7 100
7 35
7 20
7 27
7 100
7 33
7 58
7 12
7 12
7 6
7 20
7 10
7 45
7 66
7 68
7 51
7 31
7 31
7 51
7 88
7 90
7 26
7 41
7 17
7 83
7 62
7 16
7 31
7 31
7 44
7 60
7 85
7 63
7 7
138 165
138 49
165 242
165 147
49 2
49 159
242 107
242 240
147 222
147 184
2 28
2 129
159 273
159 59
107 118
107 3
240 265
240 19
222 68
222 10
184 257
184 92
28 16
28 39
129 168
129 288
273 15
273 278
59 196
59 157
118 60
118 164
3 176
3 163
265 173
265 280
19 117
19 110
68 277
68 182
10 73
10 152
257 172
257 239
92 188
92 200
16 295
16 37
39 192
39 171
168 127
168 81
288 64
288 260
15 169
15 236
278 111
278 124
196 40
196 255
157 293
157 102
60 9
60 190
164 114
164 83
176 249
176 99
163 166
163 22
173 262
173 88
280 199
280 120
117 211
117 181
110 8
110 266
277 105
277 270
182 226
182 274
73 44
73 126
152 213
152 115
172 300
172 74
239 292
239 30
188 244
188 193
200 282
200 170
295 177
295 276
37 225
37 96
192 298
192 133
171 207
171 54
127 144
127 94
81 140
81 93
64 89
64 97
260 116
260 285
169 26
169 112
236 251
236 141
111 128
111 218
124 43
124 79
40 34
40 109
255 90
255 13
293 108
293 279
102 42
102 185
9 29
9 259
190 228
190 80
114 27
114 175
83 24
83 205
249 121
249 291
99 284
99 283
166 281
166 51
22 106
22 264
262 46
262 50
88 12
88 148
199 17
199 178
120 227
120 238
211 47
211 231
181 209
181 103
8 6
8 271
266 137
266 234
105 206
105 287
270 241
270 65
226 202
226 203
274 38
274 72
44 98
44 143
126 256
126 167
213 82
213 31
115 57
115 55
300 219
300 272
74 122
74 146
292 245
292 113
30 69
30 201
244 261
244 100
193 86
193 77
282 119
282 160
170 134
170 91
177 11
177 136
276 263
276 48
225 221
225 233
96 41
96 61
298 18
298 235
133 162
133 78
207 217
207 229
54 248
54 268
144 204
144 25
94 32
94 189
140 269
140 299
93 216
93 158
89 275
89 161
97 145
97 33
116 183
116 212
285 215
285 214
26 149
26 296
112 194
112 243
251 70
251 20
141 253
141 75
128 23
128 142
218 123
218 289
43 58
43 198
79 87
79 130
34 267
34 230
109 195
109 223
90 14
90 150
13 290
13 155
108 1
108 154
279 153
279 56
42 232
42 71
185 258
185 187
29 66
29 125
259 45
259 174
228 85
228 297
80 62
80 237
27 220
27 4
175 191
175 5
24 247
24 95
205 246
205 252
121 76
121 135
291 224
291 250
284 197
284 131
283 156
283 151
281 210
281 208
51 180
51 36
106 35
106 53
264 139
264 179
46 294
46 21
50 52
50 186
12 104
12 67
148 254
148 286
17 132
17 84
178 63
178 101
227 7
