300 10
9 88
9 57
9 4
9 68
9 89
9 27
9 93
9 47
9 23
9 50
9 97
9 10
9 30
9 32
9 35
9 48
9 83
9 12
9 59
9 10
9 95
9 22
9 85
9 98
9 77
9 88
9 83
9 65
9 60
9 97
9 51
9 31
9 86
9 12
9 64
9 25
9 52
9 25
9 65
9 79
9 30
9 15
9 59
9 33
9 83
9 75
9 64
9 86
9 69
9 59
9 8
9 13
9 85
9 89
9 86
9 75
9 7
9 77
9 63
9 43
9 43
9 22
9 75
9 84
9 13
9 63
9 75
9 67
9 40
9 46
9 24
9 20
9 81
9 25
9 30
9 34
9 16
9 21
9 33
9 66
9 39
9 99
9 25
9 62
9 76
9 39
9 54
9 87
9 8
9 92
9 16
9 88
9 39
9 20
9 59
9 83
9 73
9 31
9 60
9 11
9 31
9 86
9 91
9 40
9 44
9 10
9 23
9 78
9 36
9 17
9 37
9 26
9 97
9 99
9 48
9 38
9 100
9 60
9 42
9 60
9 8
9 49
9 91
9 98
9 83
9 67
9 96
9 68
9 50
9 36
9 48
9 72
9 97
9 67
9 10
9 21
9 84
9 2
9 30
9 96
9 12
9 88
9 87
9 92
9 9
9 59
9 60
9 35
9 22
9 72
9 13
9 61
9 48
9 44
9 46
9 17
9 73
9 84
9 62
9 2
9 48
9 42
9 82
9 49
9 54
9 56
9 87
9 10
9 31
9 32
9 1
9 19
9 95
9 34
9 92
9 18
9 45
9 58
9 52
9 40
9 72
9 48
9 41
9 97
9 65
9 52
9 34
9 99
9 84
9 47
9 98
9 81
9 52
9 44
9 24
9 30
9 60
9 1
9 69
9 49
9 93
9 41
9 26
9 68
9 70
9 92
9 80
9 29
9 72
9 46
9 10
9 87
9 43
9 65
9 6
9 23
9 47
9 24
9 80
9 29
9 73
9 67
9 79
9 23
9 92
9 44
9 98
9 24
9 86
9 26
9 43
9 24
9 89
9 97
9 17
9 70
9 88
9 27
9 65
9 27
9 75
9 87
9 77
9 1
9 41
9 18
9 32
9 73
9 79
9 5
9 38
9 48
9 6
9 57
9 90
9 32
9 57
9 83
9 100
9 33
9 57
9 44
9 59
9 69
9 57
9 97
9 82
9 87
9 90
9 33
9 100
9 22
9 8
9 84
9 22
9 85
9 33
9 32
9 60
9 43
9 87
9 65
9 58
9 46
9 62
9 69
9 31
9 44
9 70
9 20
9 58
9 40
9 69
9 95
9 41
9 78
9 73
9 41
9 57
9 24
175 54
54 271
271 105
105 177
177 36
36 30
30 16
16 78
78 222
222 60
60 173
173 238
238 117
117 28
28 225
225 273
273 31
31 213
213 120
120 274
274 181
181 230
230 17
17 295
295 96
96 19
19 86
86 235
235 90
90 34
34 247
247 143
143 81
81 228
228 13
13 144
144 243
243 287
287 32
32 6
6 254
254 171
171 2
2 212
212 259
259 284
284 45
45 270
270 152
152 294
294 200
200 209
209 278
278 297
297 186
186 163
163 161
161 234
234 236
236 197
197 285
285 224
224 151
151 292
292 166
166 263
263 244
244 42
42 10
10 39
39 156
156 206
206 64
64 277
277 205
205 258
258 5
5 124
124 183
183 29
29 283
283 140
140 194
194 145
145 142
142 125
125 46
46 185
185 139
139 138
138 128
128 208
208 130
130 251
251 192
192 180
180 55
55 68
68 195
195 165
165 168
168 164
164 1
1 268
268 22
22 229
229 237
237 113
113 290
290 27
27 101
101 108
108 52
52 88
88 210
210 97
97 91
91 59
59 141
141 85
85 43
43 75
75 50
50 201
201 48
48 160
160 267
267 15
15 65
65 298
298 8
8 37
37 190
190 211
211 119
119 221
221 121
121 61
61 122
122 89
89 70
70 14
14 202
202 162
162 289
289 291
291 182
182 299
299 35
35 62
62 275
275 133
133 288
288 242
242 40
40 126
126 256
256 112
112 136
136 296
296 114
114 187
187 146
146 137
137 66
66 167
167 7
7 176
176 94
94 248
248 106
106 57
57 118
118 189
189 123
123 226
226 56
56 300
300 153
153 95
95 279
279 24
24 77
77 215
215 82
82 216
216 51
51 129
129 227
227 265
265 191
191 255
255 262
262 204
204 103
103 38
38 80
80 25
25 260
260 111
111 203
203 109
109 4
4 23
23 193
193 196
196 286
286 231
231 26
26 71
71 110
110 280
280 217
217 87
87 154
154 53
53 84
84 149
149 269
269 41
41 223
223 74
74 63
63 72
72 92
92 150
150 169
169 179
179 246
246 131
131 293
293 21
21 132
132 12
12 261
261 104
104 99
99 33
33 20
20 9
9 172
172 257
257 98
98 67
67 93
93 281
281 158
158 18
18 44
44 198
198 253
253 252
252 47
47 155
155 79
79 276
276 250
250 11
11 73
73 3
3 49
49 135
135 272
272 157
157 266
266 199
199 232
232 218
218 159
159 69
69 220
220 233
233 245
245 102
102 83
83 214
214 264
264 241
241 184
184 107
107 170
170 188
188 134
134 76
76 240
240 178
178 147
147 282
282 239
239 100
100 249
249 148
148 58
58 219
219 174
174 116
116 207
207 115
115 127
