100 300
1 58
1 66
1 57
1 16
1 34
1 90
1 44
1 28
1 78
1 77
1 18
1 82
1 77
1 78
1 85
1 51
1 34
1 37
1 5
1 39
1 98
1 93
1 22
1 2
1 73
1 60
1 94
1 30
1 87
1 6
1 95
1 85
1 17
1 98
1 92
1 21
1 86
1 69
1 95
1 22
1 73
1 84
1 92
1 22
1 87
1 38
1 24
1 43
1 21
1 13
1 51
1 79
1 34
1 84
1 11
1 51
1 55
1 30
1 44
1 79
1 9
1 44
1 58
1 93
1 46
1 86
1 24
1 44
1 89
1 88
1 90
1 12
1 6
1 94
1 71
1 28
1 35
1 30
1 91
1 29
1 73
1 87
1 32
1 20
1 26
1 20
1 99
1 75
1 82
1 88
1 11
1 10
1 71
1 69
1 21
1 4
1 19
1 28
1 9
1 24
51 34
34 11
11 46
46 90
90 15
15 61
61 40
40 50
50 67
67 57
57 16
16 99
99 52
52 29
29 64
64 24
24 69
69 75
75 13
13 96
96 77
77 72
72 58
58 36
36 94
94 79
79 1
1 68
68 80
80 41
41 87
87 6
6 53
53 31
31 8
8 93
93 70
70 14
14 63
63 26
26 25
25 33
33 39
39 19
19 47
47 37
37 74
74 44
44 78
78 5
5 84
84 42
42 2
2 60
60 38
38 56
56 18
18 35
35 17
17 66
66 54
54 98
98 21
21 85
85 7
7 91
91 43
43 45
45 73
73 92
92 59
59 76
76 9
9 12
12 3
3 83
83 100
100 4
4 86
86 27
27 88
88 49
49 62
62 82
82 10
10 55
55 97
97 65
65 28
28 23
23 81
81 30
30 95
95 22
22 32
32 71
71 48
48 89
89 20
