100 300
1 7
1 38
1 10
1 4
1 60
1 17
1 53
1 52
1 46
1 52
1 88
1 36
1 71
1 62
1 13
1 43
1 61
1 54
1 98
1 19
1 5
1 8
1 27
1 45
1 32
1 91
1 59
1 1
1 1
1 40
1 81
1 26
1 26
1 84
1 64
1 77
1 39
1 64
1 2
1 76
1 38
1 32
1 12
1 3
1 24
1 65
1 98
1 44
1 53
1 36
1 52
1 49
1 98
1 82
1 32
1 92
1 43
1 52
1 48
1 65
1 72
1 75
1 89
1 53
1 57
1 34
1 88
1 16
1 15
1 65
1 38
1 69
1 26
1 90
1 81
1 45
1 23
1 67
1 14
1 57
1 100
1 46
1 30
1 60
1 50
1 69
1 29
1 10
1 22
1 83
1 8
1 91
1 22
1 1
1 83
1 58
1 54
1 37
1 61
1 83
79 56
79 75
56 39
56 20
75 92
75 70
39 43
39 77
20 72
20 14
92 18
92 50
70 27
70 25
43 22
43 85
77 5
77 38
72 78
72 28
14 74
14 69
18 24
18 1
50 98
50 93
27 86
27 35
25 61
25 87
22 12
22 2
85 36
85 62
5 96
5 15
38 48
38 19
78 84
78 44
28 67
28 80
74 10
74 9
69 6
69 71
24 82
24 21
1 34
1 68
98 3
98 58
93 42
93 32
86 11
86 37
35 63
35 17
61 52
61 55
87 73
87 88
12 31
12 40
2 57
2 51
36 54
36 45
62 66
62 59
96 91
96 7
15 23
15 41
48 49
48 47
19 65
19 30
84 4
84 26
44 95
44 16
67 94
67 64
80 60
80 90
10 8
10 46
9 29
9 53
6 76
6 100
71 89
71 81
82 97
82 33
21 99
21 13
34 83
