300 300
80 88
80 43
80 22
80 90
80 24
80 87
80 28
80 57
80 95
80 95
80 61
80 37
80 56
80 65
80 75
80 5
80 49
80 22
80 64
80 12
80 36
80 27
80 37
80 54
80 77
80 80
80 53
80 43
80 44
80 33
80 80
80 87
80 57
80 54
80 5
80 70
80 84
80 43
80 82
80 55
80 15
80 87
80 7
80 21
80 46
80 48
80 100
80 7
80 73
80 15
80 16
80 9
80 9
80 9
80 73
80 53
80 1
80 21
80 35
80 10
80 3
80 84
80 69
80 49
80 55
80 27
80 14
80 63
80 10
80 53
80 78
80 69
80 40
80 80
80 90
80 96
80 1
80 23
80 35
80 38
80 30
80 76
80 3
80 82
80 58
80 21
80 14
80 3
80 84
80 72
80 23
80 55
80 27
80 77
80 1
80 71
80 57
80 53
80 34
80 27
80 31
80 42
80 82
80 7
80 79
80 71
80 53
80 9
80 36
80 57
80 69
80 40
80 50
80 25
80 100
80 75
80 14
80 15
80 73
80 81
80 16
80 1
80 81
80 83
80 33
80 29
80 86
80 45
80 22
80 78
80 37
80 72
80 1
80 15
80 24
80 42
80 98
80 92
80 45
80 72
80 1
80 41
80 4
80 5
80 73
80 18
80 89
80 35
80 69
80 83
80 99
80 1
80 98
80 66
80 78
80 41
80 97
80 27
80 40
80 33
80 9
80 61
80 82
80 40
80 70
80 19
80 49
80 50
80 37
80 52
80 86
80 26
80 39
80 85
80 52
80 89
80 27
80 22
80 9
80 31
80 6
80 75
80 46
80 76
80 95
80 58
80 83
80 76
80 98
80 92
80 20
80 57
80 17
80 78
80 93
80 89
80 15
80 39
80 16
80 19
80 30
80 86
80 75
80 77
80 82
80 93
80 97
80 27
80 23
80 14
80 61
80 2
80 42
80 85
80 30
80 41
80 30
80 68
80 99
80 77
80 17
80 41
80 63
80 56
80 24
80 19
80 23
80 99
80 5
80 37
80 82
80 11
80 46
80 14
80 87
80 88
80 5
80 39
80 78
80 46
80 21
80 38
80 10
80 41
80 87
80 86
80 80
80 14
80 96
80 72
80 84
80 84
80 22
80 63
80 77
80 11
80 90
80 13
80 24
80 62
80 5
80 91
80 54
80 16
80 91
80 22
80 75
80 28
80 31
80 95
80 70
80 92
80 71
80 42
80 95
80 58
80 45
80 34
80 62
80 1
80 6
80 48
80 23
80 84
80 35
80 42
80 90
80 69
80 62
80 39
80 57
80 51
80 58
80 16
80 48
80 84
80 69
80 31
80 9
80 60
122 274
274 281
281 97
97 261
261 29
29 117
117 262
262 258
258 197
197 237
237 55
55 282
282 25
25 242
242 236
236 162
162 8
8 268
268 277
277 33
33 45
45 135
135 112
112 296
296 198
198 151
151 184
184 83
83 113
113 270
270 98
98 92
92 221
221 129
129 272
272 260
260 223
223 224
224 182
182 174
174 4
4 41
41 60
60 141
141 181
181 11
11 54
54 285
285 34
34 170
170 68
68 264
264 21
21 273
273 71
71 91
91 240
240 216
216 57
57 142
142 62
62 79
79 278
278 27
27 47
47 267
267 164
164 283
283 288
288 37
37 173
173 64
64 49
49 246
246 171
171 220
220 183
183 297
297 168
168 118
118 292
292 265
265 193
193 213
213 88
88 99
99 205
205 28
28 104
104 202
202 78
78 211
211 169
169 10
10 26
26 190
190 201
201 263
263 32
32 159
159 66
66 176
176 65
65 120
120 244
244 215
215 101
101 256
256 128
128 153
153 196
196 80
80 48
48 23
23 290
290 248
248 241
241 149
149 166
166 209
209 20
20 255
255 233
233 69
69 137
137 212
212 133
133 81
81 107
107 67
67 172
172 188
188 127
127 158
158 14
14 115
115 252
252 103
103 87
87 199
199 6
6 132
132 251
251 73
73 18
18 227
227 96
96 300
300 225
225 229
229 138
138 152
152 51
51 254
254 239
239 102
102 235
235 210
210 207
207 177
177 144
144 295
295 148
148 157
157 19
19 90
90 259
259 106
106 108
108 140
140 89
89 95
95 271
271 110
110 9
9 36
36 94
94 275
275 125
125 165
165 155
155 287
287 93
93 76
76 180
180 208
208 204
204 231
231 194
194 56
56 7
7 163
163 189
189 77
77 74
74 72
72 175
175 22
22 266
266 230
230 245
245 63
63 31
31 269
269 219
219 85
85 35
35 1
1 136
136 185
185 40
40 123
123 13
13 276
276 232
232 250
250 3
3 284
284 70
70 214
214 53
53 143
143 52
52 191
191 124
124 253
253 286
286 218
218 61
61 59
59 105
105 160
160 291
291 147
147 186
186 257
257 2
2 179
179 280
280 200
200 134
134 114
114 206
206 12
12 217
217 111
111 109
109 161
161 289
289 195
195 293
293 249
249 75
75 243
243 100
100 116
116 50
50 150
150 203
203 222
222 126
126 42
42 130
130 82
82 121
121 247
247 145
145 30
30 44
44 24
24 39
39 119
119 86
86 58
58 84
84 38
38 187
187 238
238 154
154 226
226 167
167 294
294 16
16 178
178 146
146 279
279 46
46 15
15 17
17 298
298 43
43 299
299 5
5 139
139 228
228 156
156 131
131 234
234 192
