300 10
1 77
1 63
1 69
1 36
1 81
1 84
1 91
1 15
1 58
1 63
1 52
1 11
1 45
1 67
1 78
1 95
1 3
1 47
1 38
1 9
1 37
1 40
1 97
1 84
1 45
1 37
1 14
1 46
1 16
1 19
1 76
1 39
1 65
1 68
1 7
1 86
1 61
1 93
1 92
1 10
1 14
1 27
1 77
1 47
1 27
1 54
1 97
1 11
1 17
1 58
1 73
1 86
1 16
1 29
1 5
1 18
1 79
1 3
1 38
1 74
1 2
1 11
1 99
1 100
1 98
1 5
1 47
1 85
1 65
1 61
1 40
1 49
1 100
1 17
1 27
1 61
1 76
1 8
1 12
1 59
1 41
1 7
1 61
1 51
1 96
1 90
1 65
1 14
1 89
1 5
1 14
1 53
1 72
1 70
1 12
1 63
1 61
1 75
1 93
1 22
1 86
1 17
1 18
1 1
1 14
1 33
1 98
1 88
1 1
1 28
1 45
1 6
1 24
1 82
1 65
1 31
1 2
1 3
1 64
1 68
1 78
1 20
1 45
1 41
1 89
1 51
1 61
1 70
1 18
1 9
1 37
1 45
1 87
1 67
1 41
1 23
1 18
1 74
1 40
1 67
1 1
1 26
1 86
1 46
1 16
1 90
1 1
1 69
1 33
1 35
1 74
1 57
1 48
1 18
1 79
1 46
1 46
1 21
1 39
1 46
1 88
1 56
1 52
1 99
1 98
1 47
1 12
1 59
1 34
1 47
1 52
1 79
1 50
1 35
1 73
1 47
1 4
1 34
1 36
1 40
1 56
1 16
1 4
1 55
1 4
1 41
1 8
1 83
1 35
1 24
1 2
1 90
1 25
1 86
1 98
1 64
1 77
1 15
1 74
1 98
1 91
1 72
1 58
1 65
1 12
1 81
1 61
1 18
1 92
1 97
1 1
1 18
1 31
1 50
1 33
1 93
1 4
1 8
1 94
1 9
1 40
1 23
1 65
1 48
1 99
1 23
1 40
1 29
1 59
1 9
1 50
1 93
1 38
1 46
1 17
1 29
1 73
1 33
1 89
1 88
1 88
1 91
1 68
1 54
1 22
1 57
1 91
1 69
1 23
1 79
1 44
1 86
1 36
1 21
1 41
1 23
1 74
1 69
1 20
1 61
1 50
1 45
1 33
1 100
1 65
1 42
1 30
1 77
1 86
1 33
1 24
1 80
1 37
1 100
1 21
1 44
1 37
1 85
1 73
1 94
1 58
1 8
1 55
1 23
1 21
1 20
1 37
1 33
1 91
1 95
1 79
1 2
1 90
1 55
1 48
1 38
1 44
1 29
1 14
1 50
132 187
132 211
132 236
132 195
132 230
132 202
132 102
132 176
132 71
132 223
132 130
132 150
132 70
132 96
132 78
132 206
132 250
132 113
132 139
132 108
132 144
132 300
132 275
132 265
132 91
132 129
132 246
132 90
132 49
132 158
132 151
132 88
132 279
132 61
132 180
132 23
132 133
132 81
132 2
132 298
132 282
132 214
132 287
132 4
132 93
132 159
132 153
132 58
132 182
132 179
132 76
132 189
132 134
132 248
132 171
132 184
132 48
132 44
132 163
132 121
132 7
132 233
132 82
132 117
132 286
132 291
132 14
132 68
132 269
132 208
132 196
132 241
132 127
132 224
132 256
132 67
132 216
132 170
132 178
132 226
132 17
132 54
132 45
132 50
132 221
132 252
132 155
132 259
132 85
132 207
132 112
132 194
132 255
132 99
132 63
132 100
132 137
132 109
132 75
132 28
132 204
132 272
132 145
132 264
132 260
132 239
132 37
132 268
132 198
132 201
132 161
132 177
132 136
132 173
132 140
132 57
132 290
132 25
132 271
132 62
132 65
132 162
132 148
132 297
132 5
132 190
132 89
132 219
132 215
132 254
132 222
132 29
132 273
132 47
132 276
132 266
132 101
132 247
132 278
132 43
132 193
132 60
132 138
132 227
132 103
132 126
132 42
132 33
132 3
132 110
132 11
132 9
132 281
132 51
132 188
132 13
132 229
132 34
132 253
132 122
132 164
132 116
132 59
132 234
132 160
132 232
132 8
132 30
132 19
132 20
132 299
132 237
132 175
132 94
132 38
132 267
132 119
132 225
132 106
132 200
132 77
132 64
132 181
132 156
132 285
132 104
132 284
132 74
132 22
132 166
132 10
132 274
132 293
132 52
132 118
132 152
132 261
132 199
132 167
132 235
132 1
132 280
132 141
132 165
132 238
132 27
132 277
132 79
132 124
132 97
132 98
132 192
132 128
132 26
132 149
132 172
132 270
132 36
132 157
132 191
132 86
132 6
132 257
132 120
132 217
132 15
132 249
132 114
132 105
132 87
132 183
132 210
132 56
132 242
132 95
132 289
132 244
132 220
132 240
132 245
132 31
132 203
132 197
132 186
132 123
132 205
132 294
132 125
132 66
132 218
132 231
132 55
132 18
132 40
132 16
132 80
132 209
132 169
132 262
132 135
132 143
132 228
132 21
132 283
132 251
132 174
132 83
132 92
132 295
132 111
132 69
132 53
132 142
132 32
132 146
132 243
132 131
132 213
132 115
132 147
132 39
132 12
132 185
132 72
132 84
132 46
132 263
132 212
132 288
132 41
132 35
132 258
132 168
132 154
132 296
132 73
132 107
132 292
132 24
