300 10
138 41
176 47
237 68
261 60
173 48
225 5
100 63
300 3
241 31
229 78
119 16
276 2
220 16
39 43
88 52
66 64
168 90
169 95
159 3
8 100
15 31
49 23
178 66
79 52
51 34
79 97
110 1
271 30
164 93
35 78
40 73
152 86
267 4
137 87
102 54
249 9
203 94
14 79
273 59
129 73
178 82
163 55
29 28
298 15
242 18
281 67
124 61
86 98
51 42
45 91
49 11
260 15
137 69
274 5
91 47
124 49
213 10
165 61
3 99
57 11
271 8
68 62
82 63
32 37
250 39
212 20
34 21
280 27
266 2
282 36
111 74
78 70
57 10
139 3
41 26
37 49
262 28
166 24
54 9
104 77
294 84
107 7
255 58
231 31
158 8
162 48
173 43
293 91
125 64
161 58
53 65
272 36
110 38
119 54
287 26
116 10
145 64
75 31
255 46
279 92
93 84
108 100
3 53
160 91
300 88
244 3
132 51
25 12
16 70
246 30
37 48
212 4
91 38
245 71
15 65
50 71
224 2
99 73
177 20
14 11
151 55
193 44
37 79
188 12
176 81
48 32
42 69
123 18
115 18
200 100
76 28
82 96
264 53
255 48
141 9
284 85
195 53
119 89
228 27
6 75
164 93
150 98
145 37
126 39
172 2
286 15
78 34
102 6
108 57
100 36
210 46
122 70
280 86
228 5
93 61
249 46
191 12
135 59
60 40
121 34
154 63
159 10
21 56
249 46
133 99
94 81
43 96
286 92
216 9
110 25
49 41
121 79
126 74
178 93
58 79
36 78
235 68
39 75
279 71
248 13
146 65
53 9
1 24
123 91
253 11
209 25
74 99
233 25
120 83
28 34
40 74
27 34
236 80
218 71
229 19
292 84
243 9
90 49
172 22
87 47
132 38
56 99
89 85
245 34
29 39
55 78
228 100
92 7
64 56
267 76
134 35
94 93
266 18
88 47
298 56
46 77
13 66
68 23
56 91
207 14
130 12
66 1
139 39
122 18
93 97
279 9
206 15
84 18
262 14
51 59
102 93
283 78
49 55
266 57
72 6
261 42
241 50
104 88
194 46
257 91
221 21
296 25
133 57
192 79
25 37
186 38
35 68
37 81
155 63
57 69
19 76
15 71
189 74
54 49
121 62
276 9
50 65
191 6
53 76
49 78
227 86
294 33
89 53
98 92
166 32
142 47
235 97
61 22
285 79
20 59
212 36
92 43
252 48
143 89
141 59
283 55
207 73
72 56
184 79
269 15
235 86
181 44
233 93
150 76
153 93
275 21
237 48
49 96
13 60
299 29
234 45
71 35
167 58
118 20
184 99
38 14
84 80
260 60
122 11
233 64
300 108
300 16
108 266
108 133
16 268
16 187
266 185
266 132
133 95
133 279
268 138
268 63
187 240
187 124
185 118
185 201
132 194
132 172
95 4
95 269
279 283
279 117
138 50
138 94
63 216
63 112
240 293
240 93
124 287
124 222
118 196
118 215
201 10
201 90
194 131
194 48
172 202
172 249
4 255
4 204
269 85
269 30
283 191
283 250
117 199
117 160
50 211
50 28
94 141
94 203
216 297
216 122
112 12
112 88
293 183
293 295
93 69
93 299
287 171
287 41
222 59
222 232
196 294
196 78
215 209
215 96
10 200
10 153
90 54
90 277
131 8
131 119
48 35
48 53
202 18
202 237
249 19
249 65
255 49
255 147
204 278
204 136
85 80
85 79
30 86
30 76
191 129
191 3
250 87
250 234
199 272
199 290
160 20
160 169
211 292
211 148
28 242
28 193
141 273
141 162
203 109
203 45
297 239
297 178
122 246
122 44
12 220
12 165
88 229
88 186
183 89
183 244
295 15
295 231
69 184
69 228
299 256
299 281
171 145
171 225
41 24
41 188
59 210
59 144
232 100
232 56
294 116
294 259
78 217
78 258
209 143
209 174
96 64
96 156
200 33
200 2
153 114
153 13
54 179
54 5
277 74
277 75
8 206
8 125
119 198
119 150
35 243
35 142
53 233
53 275
18 104
18 9
237 276
237 113
19 111
19 42
65 289
65 280
49 83
49 226
147 6
147 265
278 195
278 159
136 214
136 176
80 181
80 164
79 120
79 68
86 227
86 236
76 23
76 121
129 284
129 101
3 51
3 115
87 81
87 168
234 151
234 43
272 175
272 238
290 296
290 127
20 212
20 245
169 137
169 155
292 61
292 84
148 257
148 66
242 134
242 25
193 46
193 67
273 72
273 60
162 213
162 34
109 146
109 110
45 221
45 97
239 177
239 21
178 140
178 57
246 55
246 180
44 288
44 205
220 208
220 106
165 26
165 248
229 197
229 32
186 285
186 219
89 207
89 98
244 262
244 36
15 161
15 135
231 38
231 252
184 47
184 282
228 218
228 170
256 189
256 251
281 92
281 82
145 241
145 167
225 154
225 263
24 298
24 149
188 139
188 40
210 230
210 52
144 27
144 107
100 260
100 123
56 37
56 254
116 291
116 253
259 1
259 102
217 286
217 31
258 29
258 261
143 192
143 91
174 71
174 166
64 163
64 58
156 22
156 128
33 274
33 267
2 224
2 77
114 158
114 17
13 223
13 7
179 270
179 11
5 190
5 73
74 126
74 103
75 157
75 70
206 39
206 182
125 271
125 105
198 152
198 247
150 62
150 264
243 14
243 173
142 235
142 99
233 130
