300 10
54 10
207 58
273 17
156 31
77 35
46 36
202 46
31 38
31 78
74 79
87 32
153 45
264 23
64 12
98 65
128 11
247 44
90 77
229 36
209 92
111 86
55 19
243 2
101 46
130 96
77 16
125 68
81 75
160 17
208 79
265 62
214 45
177 38
191 3
116 5
129 64
23 100
271 32
256 49
98 76
9 16
203 77
173 83
210 5
151 20
219 86
11 89
42 50
221 21
28 2
261 24
82 72
175 24
270 59
278 13
135 70
210 17
195 46
236 26
44 89
215 12
41 29
277 26
181 29
218 76
193 96
291 33
287 43
98 30
39 77
97 6
271 92
257 97
25 84
223 83
247 46
175 55
153 95
143 38
235 95
60 73
102 93
53 28
203 22
180 31
272 87
277 59
159 53
43 38
62 56
136 90
114 1
105 88
249 44
210 54
178 89
127 67
188 21
149 14
91 14
198 64
222 3
70 20
229 55
137 27
55 65
276 66
40 48
220 57
242 13
245 10
135 17
78 99
274 36
38 92
214 62
156 82
237 1
274 51
93 36
267 84
95 91
220 33
219 52
86 40
256 43
19 38
139 35
219 88
209 16
113 49
78 42
263 35
49 85
63 10
168 29
233 26
260 50
62 5
265 12
265 85
22 49
103 56
132 61
100 75
158 8
291 64
23 45
250 47
173 2
84 45
173 52
90 39
95 4
283 69
8 29
278 2
55 1
300 88
20 73
293 78
85 91
278 17
98 99
224 88
273 5
124 54
40 61
144 65
3 24
265 24
215 4
19 91
47 66
205 5
181 96
217 81
237 61
254 86
72 28
217 38
5 58
96 45
229 45
172 88
7 24
80 44
147 83
86 100
290 83
75 43
124 71
89 33
91 6
164 13
142 80
298 1
246 53
29 91
251 22
70 92
99 27
90 52
282 15
93 10
246 11
67 65
163 80
270 12
160 56
138 93
39 17
225 60
68 14
25 63
68 66
96 26
127 26
229 54
105 71
84 7
111 72
269 17
208 25
286 37
284 12
40 21
195 85
145 89
69 39
157 9
35 82
176 96
6 3
289 54
49 68
171 97
152 30
146 79
273 7
67 58
7 51
147 65
254 63
164 74
74 78
47 22
227 83
160 83
188 42
93 93
53 7
136 55
95 80
157 58
290 31
243 38
174 20
104 9
161 85
83 71
136 1
122 35
40 95
126 67
150 85
211 82
180 28
264 39
41 45
17 2
26 34
146 91
106 39
251 18
103 83
115 55
165 47
42 81
56 7
246 17
174 76
146 68
53 44
101 43
136 76
111 23
185 91
139 100
140 50
157 44
31 32
95 63
265 62
210 68
242 89
71 19
6 84
279 83
194 84
197 245
245 174
174 299
299 24
24 121
121 79
79 239
239 160
160 117
117 298
298 5
5 229
229 54
54 67
67 235
235 50
50 77
77 224
224 219
219 128
128 106
106 8
8 293
293 75
75 84
84 237
237 133
133 30
30 66
66 250
250 260
260 285
285 22
22 272
272 91
91 144
144 111
111 222
222 148
148 94
94 97
97 95
95 80
80 145
145 212
212 167
167 247
247 242
242 101
101 279
279 210
210 109
109 108
108 88
88 179
179 71
71 231
231 297
297 143
143 236
236 205
205 141
141 1
1 288
288 209
209 215
215 3
3 86
86 223
223 192
192 130
130 264
264 29
29 202
202 17
17 170
170 19
19 274
274 213
213 12
12 188
188 158
158 99
99 73
73 76
76 259
259 161
161 185
185 294
294 87
87 182
182 57
57 149
149 238
238 153
153 165
165 178
178 191
191 55
55 49
49 44
44 41
41 20
20 193
193 93
93 216
216 181
181 154
154 172
172 37
37 207
207 139
139 59
59 254
254 47
47 122
122 232
232 142
142 275
275 263
263 261
261 146
146 96
96 190
190 116
116 48
48 196
196 62
62 135
135 198
198 282
282 56
56 113
113 225
225 58
58 156
156 262
262 39
39 184
184 171
171 81
81 286
286 98
98 61
61 82
82 13
13 243
243 276
276 273
273 187
187 119
119 292
292 127
127 290
290 291
291 150
150 270
270 129
129 31
31 211
211 40
40 125
125 33
33 214
214 120
120 194
194 92
92 10
10 227
227 269
269 164
164 296
296 100
100 208
208 278
278 16
16 45
45 132
132 253
253 280
280 234
234 257
257 162
162 7
7 204
204 69
69 6
6 176
176 221
221 89
89 284
284 189
189 137
137 183
183 15
15 169
169 4
4 203
203 136
136 163
163 256
256 281
281 38
38 70
70 74
74 42
42 249
249 104
104 34
34 271
271 147
147 267
267 252
252 228
228 241
241 155
155 295
295 105
105 9
9 14
14 114
114 72
72 23
23 251
251 110
110 266
266 68
68 35
35 28
28 195
195 180
180 2
2 51
51 240
240 107
107 118
118 18
18 218
218 177
177 131
131 11
11 112
112 65
65 36
36 152
152 199
199 134
134 102
102 157
157 140
140 233
233 25
25 43
43 90
90 265
265 173
173 123
123 21
21 85
85 83
83 46
46 26
26 258
258 138
138 60
60 166
166 244
244 300
300 124
124 255
255 32
32 126
126 151
151 168
168 268
268 53
53 64
64 159
159 230
230 220
220 175
175 186
186 283
283 200
200 277
277 217
217 226
226 52
52 287
287 115
115 248
248 289
289 27
27 201
201 78
78 63
63 103
103 206
206 246
