100 300
106 20
224 52
117 7
278 48
202 90
258 63
282 18
53 81
184 5
114 16
286 9
29 93
287 72
33 5
167 8
117 35
87 32
212 93
16 94
273 71
186 94
266 57
194 40
110 2
51 22
93 52
168 5
227 41
145 73
157 43
37 52
223 81
16 21
154 31
67 45
257 47
284 23
46 54
259 31
131 79
214 54
94 81
149 15
153 42
91 80
79 45
11 61
225 1
71 77
246 65
131 12
180 66
248 45
117 12
217 61
285 71
295 29
103 84
86 94
228 35
297 91
29 6
104 45
45 43
240 58
125 95
282 59
220 7
196 97
181 61
271 70
124 95
135 25
248 33
44 40
171 54
16 26
93 15
23 43
182 41
209 97
230 86
268 85
133 40
213 60
298 50
125 16
253 96
146 84
153 23
16 65
147 6
221 86
150 40
138 35
277 73
164 65
143 11
269 32
220 94
14 58
58 81
81 82
82 25
25 75
75 15
15 34
34 3
3 7
7 31
31 87
87 91
91 94
94 68
68 80
80 99
99 77
77 67
67 24
24 19
19 18
18 8
8 84
84 11
11 62
62 93
93 71
71 63
63 69
69 26
26 76
76 4
4 2
2 33
33 28
28 86
86 45
45 38
38 35
35 59
59 29
29 92
92 54
54 100
100 65
65 90
90 12
12 97
97 57
57 56
56 36
36 23
23 64
64 74
74 32
32 52
52 73
73 37
37 47
47 50
50 1
1 51
51 85
85 83
83 9
9 60
60 40
40 96
96 13
13 16
16 49
49 43
43 6
6 30
30 66
66 42
42 88
88 98
98 78
78 17
17 72
72 39
39 95
95 48
48 61
61 20
20 53
53 21
21 55
55 44
44 22
22 10
10 89
89 27
27 41
41 5
5 46
46 79
79 70
