300 300
1 20
1 91
1 80
1 30
1 56
1 33
1 4
1 48
1 21
1 86
1 23
1 90
1 79
1 60
1 60
1 94
1 59
1 59
1 46
1 1
1 22
1 70
1 23
1 76
1 88
1 86
1 98
1 72
1 39
1 2
1 32
1 83
1 91
1 54
1 24
1 46
1 56
1 59
1 44
1 75
1 11
1 47
1 100
1 1
1 54
1 20
1 78
1 88
1 10
1 13
1 4
1 51
1 11
1 21
1 62
1 98
1 84
1 56
1 42
1 94
1 33
1 69
1 49
1 7
1 76
1 78
1 41
1 80
1 47
1 38
1 77
1 27
1 85
1 77
1 55
1 53
1 68
1 80
1 94
1 18
1 94
1 32
1 58
1 68
1 41
1 96
1 26
1 35
1 26
1 99
1 11
1 35
1 19
1 47
1 32
1 59
1 98
1 85
1 22
1 82
1 58
1 28
1 45
1 97
1 37
1 36
1 9
1 57
1 11
1 67
1 94
1 70
1 25
1 32
1 83
1 97
1 19
1 4
1 34
1 58
1 14
1 31
1 88
1 20
1 50
1 75
1 65
1 59
1 78
1 72
1 38
1 25
1 27
1 58
1 97
1 27
1 55
1 99
1 88
1 11
1 56
1 28
1 53
1 75
1 31
1 37
1 87
1 14
1 24
1 60
1 2
1 44
1 78
1 14
1 81
1 83
1 85
1 92
1 59
1 51
1 63
1 64
1 36
1 88
1 35
1 16
1 21
1 83
1 36
1 93
1 96
1 36
1 62
1 97
1 85
1 24
1 60
1 11
1 69
1 39
1 3
1 39
1 92
1 46
1 83
1 71
1 37
1 19
1 3
1 39
1 74
1 70
1 47
1 79
1 52
1 4
1 80
1 92
1 29
1 89
1 92
1 48
1 11
1 12
1 38
1 89
1 72
1 2
1 89
1 64
1 14
1 60
1 88
1 58
1 84
1 13
1 56
1 76
1 1
1 70
1 50
1 61
1 59
1 16
1 79
1 98
1 64
1 31
1 80
1 93
1 51
1 80
1 61
1 4
1 11
1 80
1 60
1 56
1 87
1 98
1 44
1 97
1 13
1 59
1 29
1 18
1 20
1 12
1 55
1 29
1 96
1 21
1 73
1 72
1 18
1 92
1 51
1 100
1 42
1 61
1 55
1 13
1 21
1 30
1 81
1 22
1 75
1 66
1 30
1 80
1 5
1 88
1 74
1 88
1 64
1 23
1 44
1 71
1 9
1 63
1 75
1 41
1 11
1 24
1 92
1 86
1 4
1 11
1 3
1 34
1 97
1 97
1 97
1 30
1 56
1 73
1 93
1 100
1 26
1 41
286 89
286 232
89 93
89 295
232 176
232 206
93 90
93 77
295 96
295 224
176 30
176 299
206 78
206 34
90 32
90 190
77 8
77 237
96 246
96 86
224 283
224 37
30 207
30 242
299 128
299 38
78 289
78 199
34 233
34 167
32 140
32 276
190 195
190 300
8 23
8 284
237 280
237 291
246 95
246 205
86 97
86 98
283 256
283 106
37 72
37 26
207 272
207 257
242 251
242 153
128 184
128 60
38 264
38 230
289 211
289 62
199 172
199 197
233 67
233 115
167 132
167 117
140 261
140 198
276 131
276 82
195 201
195 103
300 7
300 159
23 227
23 180
284 74
284 2
280 196
280 79
291 16
291 193
95 266
95 296
205 85
205 245
97 220
97 214
98 44
98 297
256 258
256 55
106 45
106 273
72 111
72 114
26 134
26 144
272 145
272 6
257 53
257 274
251 127
251 107
153 87
153 215
184 254
184 17
60 148
60 294
264 223
264 113
230 169
230 47
211 63
211 222
62 125
62 25
172 192
172 94
197 143
197 250
67 219
67 75
115 239
115 139
132 52
132 290
117 120
117 141
261 174
261 12
198 9
198 28
131 255
131 252
82 121
82 168
201 292
201 66
103 108
103 112
7 194
7 263
159 130
159 179
227 225
227 278
180 135
180 100
74 181
74 247
2 260
2 126
196 33
196 21
79 293
79 265
16 70
16 41
193 163
193 165
266 31
266 40
296 22
296 231
85 15
85 11
245 221
245 152
220 160
220 154
214 49
214 69
44 136
44 203
297 187
297 14
258 182
258 46
55 229
55 279
45 51
45 269
273 102
273 57
111 150
111 133
114 268
114 59
134 209
134 281
144 188
144 171
145 36
145 18
6 80
6 13
53 19
53 92
274 161
274 213
127 271
127 244
107 35
107 99
87 216
87 185
215 186
215 110
254 151
254 235
17 76
17 83
148 243
148 228
294 173
294 285
223 155
223 226
113 240
113 238
169 68
169 178
47 146
47 156
63 42
63 177
222 162
222 164
125 170
125 275
25 27
25 234
192 116
192 88
94 147
94 119
143 101
143 149
250 58
250 282
219 4
219 208
75 3
75 122
239 210
239 191
139 267
139 48
52 81
52 138
290 73
290 249
120 262
120 24
141 166
141 241
174 298
174 5
12 20
12 109
9 91
9 118
28 129
28 158
255 287
255 84
252 71
252 56
121 157
121 39
168 248
168 212
292 54
292 202
66 65
66 218
108 123
108 288
112 29
112 200
194 105
194 1
263 189
263 183
130 253
130 270
179 142
179 64
225 204
225 10
278 175
278 259
135 277
135 124
100 104
100 236
181 137
181 50
247 43
247 61
260 217
