300 100
31 3
31 45
31 57
31 35
31 100
31 64
31 32
31 31
31 21
31 12
31 65
31 39
31 43
31 12
31 78
31 39
31 27
31 75
31 86
31 21
31 97
31 84
31 94
31 32
31 82
31 40
31 3
31 33
31 43
31 36
31 83
31 86
31 20
31 5
31 23
31 12
31 55
31 5
31 23
31 11
31 42
31 92
31 44
31 3
31 13
31 17
31 62
31 22
31 61
31 12
31 49
31 11
31 39
31 4
31 11
31 63
31 56
31 71
31 13
31 33
31 75
31 2
31 61
31 64
31 87
31 49
31 90
31 30
31 86
31 36
31 44
31 38
31 49
31 100
31 56
31 25
31 73
31 45
31 81
31 76
31 1
31 75
31 55
31 63
31 67
31 57
31 95
31 42
31 54
31 25
31 100
31 23
31 47
31 28
31 7
31 99
31 97
31 2
31 91
31 73
31 58
31 98
31 12
31 56
31 29
31 22
31 95
31 64
31 67
31 78
31 63
31 38
31 81
31 51
31 34
31 92
31 55
31 61
31 12
31 34
31 90
31 10
31 67
31 36
31 72
31 77
31 47
31 56
31 79
31 18
31 36
31 99
31 100
31 18
31 31
31 44
31 83
31 24
31 73
31 100
31 83
31 9
31 71
31 14
31 29
31 87
31 6
31 63
31 13
31 78
31 92
31 74
31 24
31 16
31 67
31 46
31 94
31 45
31 92
31 8
31 13
31 97
31 83
31 41
31 93
31 59
31 66
31 51
31 79
31 66
31 8
31 93
31 55
31 56
31 65
31 49
31 18
31 83
31 39
31 9
31 96
31 6
31 72
31 96
31 71
31 24
31 28
31 79
31 92
31 11
31 61
31 66
31 14
31 3
31 64
31 44
31 22
31 18
31 27
31 66
31 62
31 85
31 49
31 78
31 43
31 20
31 61
31 79
31 63
31 46
31 52
31 75
31 5
31 63
31 68
31 95
31 84
31 36
31 56
31 67
31 57
31 88
31 35
31 77
31 90
31 36
31 52
31 7
31 24
31 43
31 4
31 16
31 8
31 3
31 92
31 82
31 15
31 59
31 56
31 98
31 98
31 61
31 54
31 39
31 85
31 48
31 47
31 20
31 90
31 13
31 40
31 69
31 17
31 24
31 59
31 49
31 95
31 34
31 86
31 64
31 40
31 18
31 87
31 60
31 60
31 86
31 15
31 40
31 70
31 37
31 52
31 93
31 41
31 32
31 47
31 74
31 29
31 15
31 8
31 23
31 61
31 42
31 98
31 67
31 42
31 20
31 71
31 99
31 3
31 61
31 52
31 48
31 36
31 99
31 43
31 74
31 8
31 58
31 28
31 50
208 116
116 271
271 250
250 49
49 221
221 104
104 91
91 276
276 193
193 61
61 222
222 59
59 58
58 217
217 211
211 173
173 94
94 120
120 30
30 248
248 145
145 50
50 268
268 158
158 255
255 109
109 19
19 156
156 242
242 37
37 287
287 150
150 170
170 191
191 175
175 135
135 63
63 20
20 67
67 204
204 65
65 110
110 269
269 40
40 169
169 143
143 3
3 86
86 174
174 297
297 38
38 161
161 18
18 288
288 273
273 89
89 7
7 227
227 101
101 228
228 148
148 258
258 292
292 66
66 231
231 24
24 77
77 165
165 100
100 223
223 298
298 282
282 245
245 11
11 5
5 244
244 263
263 72
72 17
17 39
39 176
176 267
267 279
279 41
41 256
256 107
107 133
133 249
249 246
246 202
202 215
215 260
260 265
265 74
74 36
36 274
274 164
164 198
198 141
141 205
205 180
180 289
289 259
259 163
163 270
270 119
119 23
23 71
71 48
48 69
69 236
236 138
138 47
47 218
218 177
177 46
46 21
21 189
189 167
167 214
214 34
34 157
157 212
212 43
43 266
266 254
254 22
22 75
75 16
16 121
121 126
126 131
131 291
291 137
137 264
264 84
84 285
285 241
241 275
275 68
68 92
92 151
151 108
108 251
251 225
225 162
162 42
42 98
98 62
62 56
56 6
6 187
187 192
192 1
1 115
115 166
166 247
247 209
209 4
4 111
111 33
33 106
106 73
73 278
278 125
125 224
224 182
182 52
52 60
60 57
57 44
44 188
188 197
197 2
2 93
93 79
79 14
14 206
206 82
82 134
134 103
103 226
226 281
281 171
171 146
146 12
12 128
128 10
10 147
147 28
28 257
257 140
140 253
253 155
155 296
296 184
184 237
237 9
9 179
179 113
113 26
26 290
290 87
87 153
153 203
203 272
272 168
168 51
51 136
136 80
80 219
219 261
261 129
129 172
172 201
201 99
99 229
229 15
15 114
114 78
78 294
294 262
262 112
112 159
159 35
35 96
96 196
196 185
185 277
277 220
220 283
283 233
233 284
284 83
83 154
154 25
25 152
152 293
293 183
183 102
102 88
88 124
124 234
234 178
178 27
27 132
132 216
216 232
232 230
230 181
181 90
90 123
123 149
149 239
239 85
85 64
64 81
81 45
45 300
300 8
8 190
190 286
286 55
55 127
127 186
186 122
122 117
117 295
295 95
95 97
97 144
144 105
105 207
207 160
160 130
130 139
139 199
199 240
240 29
29 70
70 194
194 252
252 54
54 238
238 210
210 280
280 299
299 243
243 200
200 31
31 53
53 235
235 142
142 213
213 76
76 118
118 195
195 13
13 32
