100 10
88 29
175 61
213 29
222 24
206 83
177 84
262 34
95 86
163 71
197 55
143 14
108 85
12 85
114 24
284 62
286 92
73 30
49 21
44 24
200 75
282 37
34 37
59 75
185 48
111 93
9 54
103 53
222 33
220 13
285 51
285 28
195 52
73 71
134 63
105 97
288 97
89 54
70 86
44 22
35 94
86 2
255 84
66 50
230 86
166 24
234 83
79 15
61 22
46 25
127 97
281 82
223 89
72 32
289 50
238 54
107 34
87 30
41 1
171 10
96 85
63 64
262 73
1 83
237 52
94 61
249 3
53 81
256 3
198 39
197 41
163 92
234 76
153 3
96 24
121 55
168 9
259 53
230 93
168 54
170 72
1 78
162 35
287 96
45 72
101 75
169 23
285 89
56 84
97 79
65 10
256 73
229 100
155 1
18 62
184 67
287 34
20 58
113 42
68 29
195 32
44 94
44 25
44 31
44 15
44 93
44 85
44 80
44 53
44 63
44 47
44 74
44 17
44 88
44 56
44 91
44 89
44 20
44 1
44 71
44 72
44 9
44 6
44 86
44 99
44 70
44 65
44 14
44 52
44 34
44 13
44 45
44 62
44 41
44 55
44 33
44 28
44 79
44 16
44 67
44 27
44 90
44 50
44 32
44 11
44 24
44 4
44 40
44 69
44 95
44 54
44 61
44 87
44 81
44 77
44 26
44 30
44 46
44 98
44 48
44 51
44 84
44 83
44 2
44 66
44 75
44 43
44 36
44 57
44 12
44 37
44 49
44 21
44 76
44 78
44 23
44 60
44 8
44 39
44 5
44 97
44 64
44 92
44 38
44 35
44 42
44 73
44 3
44 10
44 96
44 58
44 22
44 68
44 29
44 19
44 59
44 7
44 82
44 100
44 18
