300 100
51 19
84 75
170 75
271 92
300 56
293 77
17 13
52 76
287 61
151 25
298 68
170 1
201 73
239 3
270 63
58 84
87 11
223 57
53 8
114 8
10 69
154 25
40 4
295 63
71 61
153 99
175 37
79 26
131 6
142 64
137 59
204 13
247 4
247 37
151 32
154 46
289 24
81 28
91 12
4 59
112 2
174 98
273 12
175 9
11 94
107 45
219 83
251 2
168 49
193 15
149 15
282 36
215 74
285 59
55 98
2 63
156 14
279 75
235 88
158 66
246 50
294 46
93 11
235 21
83 3
103 99
68 78
52 97
294 57
292 15
22 43
190 47
174 14
38 45
41 28
50 100
184 12
107 81
170 72
32 52
255 86
89 60
231 17
185 56
215 9
224 28
124 36
151 37
260 50
66 66
144 79
203 6
120 66
118 69
156 36
279 14
94 60
8 97
98 92
265 72
290 92
41 17
3 84
92 15
111 82
201 18
190 55
76 20
44 90
248 86
187 74
294 18
252 32
237 51
203 44
166 19
218 86
297 81
113 57
131 89
286 34
185 31
42 41
63 45
28 41
85 83
239 51
48 92
32 70
2 32
47 68
92 41
149 17
101 97
125 63
116 32
234 39
30 52
8 73
145 28
177 21
113 73
182 87
293 43
124 16
63 79
220 73
132 27
226 41
176 95
98 46
3 5
222 65
176 78
173 39
214 29
236 57
179 73
138 31
192 97
210 61
66 41
49 2
185 86
1 71
292 44
238 64
206 53
288 87
166 42
280 74
137 52
4 17
130 62
51 81
257 26
17 84
237 13
261 76
246 88
18 39
172 34
101 82
172 100
295 60
122 53
37 45
47 85
145 47
153 85
279 17
66 80
264 96
27 66
13 51
217 4
170 100
23 29
121 98
164 68
277 33
61 26
260 80
43 93
135 69
236 10
283 89
65 5
16 12
3 79
193 13
208 35
275 60
160 39
8 35
205 14
286 18
13 90
295 79
292 39
288 82
36 32
57 27
27 10
295 71
207 31
218 88
178 80
50 22
272 42
247 35
169 3
231 95
186 32
128 57
56 7
225 68
253 80
104 34
48 25
267 82
23 72
90 97
107 42
166 20
213 59
245 28
192 22
39 94
183 82
272 37
219 41
33 65
41 85
289 44
99 38
199 43
181 75
203 83
234 3
139 16
158 34
253 81
270 78
291 92
210 64
271 99
52 36
102 10
293 83
78 88
75 86
295 58
99 85
209 60
236 26
35 65
256 32
112 50
148 63
66 97
130 58
267 69
214 57
42 59
142 58
206 74
208 55
69 75
36 86
72 6
192 58
290 92
123 17
12 52
95 22
165 31
140 61
177 42
47 1
152 195
152 97
152 101
152 52
152 40
152 219
152 286
152 91
152 224
195 34
195 209
195 267
195 130
195 60
195 213
97 268
97 22
97 228
97 271
97 261
97 11
97 38
97 295
97 235
34 59
34 220
34 48
34 24
268 32
268 15
268 217
268 110
209 275
209 208
209 177
209 42
209 79
209 43
22 253
253 87
253 25
32 81
15 199
15 293
15 230
15 76
101 247
247 202
247 164
247 240
247 50
293 100
293 1
293 178
293 12
293 265
293 85
293 55
87 204
87 191
275 57
275 19
275 166
100 105
100 254
100 206
217 298
217 249
217 291
217 106
217 216
217 71
52 27
52 84
52 187
52 210
228 92
228 109
228 197
202 290
202 7
110 111
59 30
298 281
267 141
267 158
1 142
30 35
30 104
30 117
30 183
30 23
30 221
105 160
105 245
105 136
105 20
105 118
290 113
35 5
35 212
35 205
35 116
230 200
208 114
208 86
271 284
271 53
271 143
271 223
104 218
104 144
104 41
104 80
104 95
5 39
5 77
5 170
249 173
261 259
261 296
261 232
261 17
160 123
160 163
220 203
220 297
220 99
40 151
27 14
27 229
284 211
284 139
284 9
245 299
109 283
109 162
218 18
53 193
283 288
283 207
283 272
283 157
212 222
57 63
57 262
178 96
11 3
111 134
111 137
144 248
144 90
177 239
177 280
239 10
12 31
117 21
117 44
117 266
265 225
106 150
106 121
106 250
106 287
216 186
216 64
216 192
150 2
130 184
164 258
164 282
121 269
299 69
299 251
136 168
136 46
139 167
48 300
287 273
205 51
39 33
200 236
200 194
200 82
200 165
31 260
31 227
84 89
7 189
19 154
21 214
21 172
21 128
162 140
143 108
258 58
258 244
41 279
123 94
123 138
251 45
273 237
282 256
44 98
89 294
167 196
167 274
167 241
167 176
219 103
197 115
193 148
98 169
38 16
38 65
232 252
240 70
79 62
116 263
99 278
99 285
99 257
99 233
99 49
81 255
254 159
254 120
169 198
169 289
33 47
33 234
263 36
236 26
187 179
10 185
198 231
18 133
18 243
18 67
18 131
266 93
206 277
206 74
3 276
108 215
108 28
213 56
118 226
231 156
243 107
243 174
289 238
289 292
95 54
58 190
238 132
238 181
225 270
185 153
93 66
93 135
63 146
172 188
66 182
66 147
66 13
188 127
184 264
210 125
168 8
168 149
292 201
292 61
223 112
274 119
227 180
241 242
241 73
222 155
70 122
70 145
70 37
70 75
125 126
269 102
257 72
86 78
233 246
47 6
112 88
242 175
72 29
73 68
73 83
17 4
134 161
126 124
145 129
179 171
