100 300
84 17
84 85
84 64
84 42
84 39
84 5
84 33
84 77
84 65
84 74
84 92
84 60
84 39
84 54
84 63
84 18
84 45
84 68
84 52
84 85
84 22
84 67
84 32
84 34
84 52
84 7
84 18
84 56
84 73
84 93
84 11
84 20
84 98
84 29
84 15
84 83
84 41
84 69
84 1
84 45
84 77
84 91
84 81
84 45
84 88
84 32
84 61
84 90
84 70
84 58
84 32
84 33
84 51
84 60
84 26
84 19
84 43
84 20
84 61
84 14
84 53
84 77
84 20
84 32
84 67
84 92
84 41
84 32
84 91
84 81
84 48
84 64
84 82
84 22
84 66
84 40
84 35
84 98
84 56
84 36
84 44
84 33
84 2
84 15
84 98
84 72
84 98
84 25
84 31
84 37
84 89
84 81
84 80
84 84
84 7
84 100
84 92
84 51
84 91
84 23
94 36
94 3
94 67
94 66
94 97
94 62
94 92
94 30
94 60
94 13
94 33
94 87
94 96
94 100
94 85
94 61
94 16
94 65
94 34
94 72
94 74
94 59
94 28
94 95
94 26
94 46
94 8
94 25
94 20
94 27
94 90
94 7
94 81
94 40
94 70
94 78
94 37
94 44
94 47
94 53
94 56
94 99
94 29
94 42
94 24
94 69
94 83
94 48
94 54
94 80
94 17
94 98
94 57
94 21
94 79
94 93
94 52
94 63
94 58
94 45
94 84
94 18
94 75
94 4
94 86
94 55
94 71
94 1
94 68
94 2
94 89
94 14
94 73
94 10
94 23
94 41
94 88
94 39
94 12
94 50
94 43
94 82
94 5
94 49
94 91
94 19
94 31
94 11
94 51
94 35
94 6
94 64
94 32
94 38
94 76
94 77
94 22
94 9
94 15
