100 100
1 76
1 69
1 14
1 43
1 35
1 25
1 85
1 28
1 72
1 97
1 41
1 41
1 84
1 59
1 24
1 56
1 83
1 69
1 53
1 29
1 15
1 31
1 23
1 79
1 77
1 4
1 32
1 68
1 25
1 35
1 41
1 91
1 2
1 18
1 1
1 35
1 17
1 25
1 86
1 9
1 17
1 46
1 87
1 36
1 76
1 90
1 26
1 26
1 66
1 52
1 80
1 73
1 64
1 90
1 57
1 21
1 7
1 19
1 4
1 69
1 47
1 27
1 5
1 64
1 3
1 13
1 60
1 94
1 36
1 36
1 48
1 35
1 84
1 86
1 98
1 94
1 68
1 66
1 83
1 10
1 98
1 22
1 8
1 95
1 35
1 85
1 36
1 3
1 64
1 53
1 40
1 20
1 68
1 59
1 11
1 66
1 81
1 84
1 38
1 68
15 50
15 91
15 16
15 19
15 66
15 87
15 98
15 32
15 36
15 33
15 35
15 71
15 8
15 58
15 93
15 49
15 81
15 45
15 30
15 29
15 7
15 2
15 69
15 6
15 84
15 60
15 88
15 1
15 68
15 85
15 65
15 24
15 94
15 34
15 79
15 74
15 52
15 89
15 27
15 12
15 26
15 61
15 28
15 99
15 96
15 17
15 10
15 97
15 4
15 9
15 23
15 90
15 41
15 63
15 3
15 37
15 95
15 5
15 59
15 47
15 53
15 11
15 56
15 40
15 21
15 25
15 14
15 55
15 83
15 20
15 86
15 76
15 13
15 54
15 48
15 44
15 67
15 18
15 43
15 64
15 80
15 82
15 78
15 31
15 39
15 51
15 22
15 46
15 62
15 72
15 70
15 100
15 77
15 75
15 57
15 92
15 42
15 73
15 38
