300 100
1 73
1 13
1 21
1 16
1 67
1 49
1 44
1 46
1 40
1 9
1 42
1 81
1 49
1 47
1 87
1 39
1 44
1 27
1 56
1 76
1 37
1 42
1 86
1 7
1 73
1 40
1 59
1 49
1 32
1 19
1 35
1 51
1 40
1 26
1 14
1 25
1 48
1 91
1 54
1 62
1 89
1 4
1 44
1 36
1 49
1 79
1 69
1 43
1 98
1 90
1 87
1 5
1 96
1 79
1 28
1 24
1 70
1 94
1 45
1 16
1 48
1 77
1 65
1 89
1 61
1 12
1 91
1 90
1 30
1 92
1 14
1 83
1 56
1 58
1 96
1 87
1 60
1 80
1 10
1 32
1 39
1 77
1 55
1 67
1 85
1 23
1 10
1 24
1 49
1 76
1 89
1 1
1 7
1 55
1 28
1 35
1 91
1 60
1 17
1 94
1 62
1 23
1 55
1 92
1 53
1 47
1 32
1 44
1 13
1 90
1 20
1 20
1 32
1 92
1 15
1 72
1 6
1 52
1 23
1 83
1 63
1 6
1 65
1 70
1 49
1 97
1 35
1 81
1 50
1 15
1 65
1 81
1 73
1 22
1 94
1 30
1 39
1 70
1 30
1 55
1 82
1 17
1 77
1 96
1 81
1 80
1 7
1 19
1 58
1 22
1 73
1 72
1 92
1 32
1 45
1 35
1 36
1 81
1 44
1 51
1 2
1 92
1 31
1 25
1 40
1 6
1 11
1 15
1 63
1 77
1 20
1 97
1 57
1 95
1 74
1 69
1 69
1 90
1 24
1 27
1 88
1 59
1 85
1 62
1 31
1 48
1 54
1 85
1 54
1 45
1 46
1 31
1 51
1 68
1 63
1 57
1 89
1 75
1 49
1 96
1 57
1 48
1 89
1 70
1 37
1 72
1 47
1 63
1 70
1 32
1 91
1 45
1 60
1 27
1 95
1 45
1 2
1 7
1 79
1 95
1 1
1 7
1 57
1 15
1 8
1 90
1 24
1 72
1 91
1 39
1 55
1 93
1 43
1 42
1 52
1 14
1 5
1 33
1 30
1 40
1 26
1 18
1 71
1 13
1 31
1 2
1 92
1 50
1 79
1 48
1 62
1 98
1 4
1 59
1 48
1 74
1 85
1 27
1 3
1 52
1 27
1 43
1 91
1 87
1 5
1 38
1 65
1 36
1 66
1 13
1 31
1 64
1 87
1 62
1 1
1 1
1 54
1 74
1 55
1 70
1 7
1 41
1 87
1 86
1 61
1 39
1 64
1 84
1 96
1 98
1 65
1 31
1 69
1 40
1 25
1 32
1 20
1 27
1 10
1 30
173 277
173 299
277 219
277 250
299 223
299 208
219 259
219 116
250 188
250 246
223 183
223 70
208 232
208 234
259 54
259 272
116 106
116 164
188 285
188 36
246 9
246 75
183 244
183 241
70 23
70 269
232 124
232 85
234 125
234 286
54 268
54 135
272 261
272 294
106 14
106 84
164 249
164 65
285 215
285 92
36 201
36 295
9 160
9 170
75 78
75 255
244 83
244 32
241 185
241 298
23 198
23 168
269 136
269 210
124 193
124 165
85 195
85 229
125 202
125 281
286 104
286 112
268 260
268 43
135 238
135 144
261 155
261 151
294 86
294 205
14 37
14 130
84 157
84 175
249 289
249 10
65 127
65 200
215 89
215 282
92 167
92 171
201 66
201 207
295 134
295 132
160 137
160 145
170 227
170 263
78 274
78 288
255 141
255 63
83 8
83 99
32 296
32 273
185 197
185 114
298 93
298 62
198 196
198 33
168 270
168 154
136 209
136 147
210 64
210 187
193 1
193 204
165 214
165 186
195 19
195 226
229 150
229 95
202 163
202 258
281 256
281 48
104 94
104 74
112 264
112 218
260 17
260 6
43 20
43 142
238 120
238 177
144 158
144 69
155 11
155 178
151 300
151 47
86 206
86 293
205 131
205 280
37 97
37 228
130 179
130 143
157 31
157 68
175 42
175 87
289 251
289 44
10 176
10 128
127 109
127 115
200 152
200 252
89 73
89 121
282 53
282 243
167 133
167 194
171 113
171 169
66 275
66 58
207 231
207 235
134 4
134 174
132 239
132 149
137 59
137 297
145 52
145 161
227 28
227 162
263 118
263 216
274 283
274 16
288 287
288 119
141 140
141 77
63 98
63 57
8 72
8 126
99 129
99 67
296 3
296 213
273 181
273 203
197 25
197 172
114 30
114 41
93 60
93 248
62 12
62 247
196 212
196 21
33 111
33 271
270 81
270 101
154 240
154 22
209 290
209 220
147 27
147 88
64 2
64 26
187 292
187 265
1 139
1 138
204 55
204 61
214 236
214 107
186 276
186 82
19 190
19 49
226 266
226 35
150 24
150 102
95 253
95 110
163 230
163 222
258 34
258 192
256 80
256 148
48 279
48 233
94 29
94 108
74 79
74 159
264 257
264 7
218 105
218 91
17 39
17 217
6 180
6 225
20 103
20 166
142 56
142 199
120 156
120 18
177 184
177 291
158 122
158 182
69 71
69 13
11 146
11 40
178 117
178 224
300 237
300 51
47 46
47 242
206 123
206 90
293 45
293 284
131 96
131 278
280 245
280 191
97 211
97 100
228 254
228 38
179 50
179 221
143 189
143 262
31 153
31 15
68 5
68 76
42 267
