100 10
9 11
9 39
9 20
9 40
9 91
9 3
9 63
9 45
9 96
9 34
9 50
9 84
9 19
9 81
9 23
9 8
9 17
9 58
9 70
9 74
9 56
9 79
9 44
9 45
9 43
9 40
9 75
9 64
9 63
9 33
9 88
9 49
9 6
9 2
9 33
9 78
9 87
9 99
9 29
9 10
9 100
9 91
9 37
9 63
9 4
9 12
9 9
9 11
9 1
9 86
9 60
9 79
9 37
9 16
9 95
9 44
9 51
9 26
9 32
9 60
9 78
9 68
9 58
9 56
9 9
9 2
9 63
9 31
9 47
9 26
9 55
9 46
9 80
9 33
9 64
9 100
9 52
9 38
9 41
9 13
9 80
9 32
9 99
9 29
9 6
9 88
9 97
9 48
9 38
9 72
9 46
9 6
9 5
9 54
9 2
9 87
9 100
9 6
9 53
9 61
56 100
56 77
56 12
56 76
56 18
56 5
100 2
100 32
100 71
100 79
100 49
100 26
100 28
2 45
2 50
32 13
32 11
77 9
77 7
77 17
12 85
12 35
12 23
12 6
85 74
85 84
76 20
9 54
9 70
9 24
13 86
7 95
7 47
95 39
95 16
95 75
95 15
95 58
71 88
17 63
49 30
49 67
63 78
63 68
45 60
45 73
45 25
39 44
60 59
54 96
54 21
54 52
35 98
20 89
20 72
20 22
89 14
89 65
89 33
73 4
26 46
26 34
70 61
70 94
70 57
86 42
86 62
30 81
30 87
30 19
62 82
62 31
61 99
99 80
23 83
82 66
82 41
16 93
46 37
81 97
21 8
21 36
31 53
72 48
72 1
72 38
6 91
11 40
8 10
91 29
15 3
15 90
80 92
66 43
92 27
57 69
36 51
36 64
93 55
