100 10
1 59
1 72
1 59
1 12
1 53
1 79
1 76
1 56
1 72
1 48
1 42
1 50
1 46
1 33
1 89
1 60
1 46
1 39
1 43
1 39
1 93
1 7
1 98
1 53
1 48
1 77
1 76
1 68
1 3
1 44
1 42
1 79
1 6
1 2
1 49
1 25
1 52
1 38
1 36
1 98
1 18
1 6
1 20
1 96
1 61
1 26
1 62
1 84
1 15
1 77
1 27
1 91
1 15
1 67
1 79
1 86
1 53
1 30
1 15
1 3
1 14
1 7
1 33
1 64
1 79
1 61
1 61
1 85
1 18
1 94
1 85
1 35
1 34
1 34
1 47
1 44
1 34
1 43
1 71
1 34
1 39
1 45
1 84
1 57
1 20
1 61
1 49
1 2
1 71
1 18
1 66
1 79
1 62
1 51
1 54
1 10
1 3
1 56
1 97
1 80
19 100
19 15
19 64
19 16
19 93
19 48
19 55
19 34
19 58
19 22
19 29
19 24
19 82
19 2
19 14
19 46
19 47
19 13
19 89
19 27
19 61
19 66
19 75
19 97
19 11
19 70
19 86
19 76
19 41
19 32
19 79
19 3
19 23
19 39
19 51
19 25
19 17
19 54
19 62
19 72
19 12
19 42
19 45
19 95
19 83
19 94
19 4
19 63
19 92
19 9
19 98
19 28
19 40
19 8
19 60
19 21
19 57
19 91
19 7
19 99
19 87
19 71
19 81
19 38
19 50
19 88
19 67
19 10
19 26
19 90
19 65
19 56
19 18
19 69
19 37
19 31
19 52
19 35
19 85
19 6
19 59
19 80
19 73
19 1
19 36
19 44
19 30
19 68
19 20
19 74
19 53
19 78
19 96
19 77
19 5
19 84
19 43
19 49
19 33
