100 10
208 75
171 30
179 23
265 58
96 52
211 87
71 89
257 59
56 95
245 22
158 26
49 60
38 90
300 88
61 56
288 75
14 17
69 91
191 78
170 40
17 70
35 97
192 56
248 34
176 32
244 64
163 52
259 94
185 38
128 15
285 69
271 18
212 22
105 64
179 67
201 36
130 89
76 90
254 100
67 100
74 31
192 86
181 67
247 50
260 47
73 75
79 29
85 19
61 66
239 96
33 34
232 36
113 50
236 65
282 95
20 4
125 37
85 55
108 92
84 59
272 56
84 53
4 89
163 96
251 43
218 73
191 71
19 85
130 26
101 85
115 46
9 62
71 85
137 91
75 88
166 52
141 84
29 22
81 81
119 39
125 41
23 74
201 74
131 15
144 48
43 53
279 5
132 24
12 40
149 87
167 19
174 94
67 99
231 57
29 8
182 98
33 18
177 20
133 27
124 67
8 32
8 25
32 75
32 23
25 78
25 71
75 1
75 98
23 100
23 80
78 26
78 39
71 93
71 24
1 20
1 53
98 77
98 91
100 65
100 95
80 46
80 16
26 37
26 87
39 70
39 52
93 3
93 14
24 84
24 42
20 38
20 76
53 58
53 51
77 79
77 68
91 48
91 55
65 9
65 28
95 64
95 69
46 4
46 50
16 86
16 40
37 90
37 33
87 60
87 21
70 59
70 49
52 27
52 88
3 6
3 61
14 13
14 43
84 74
84 97
42 63
42 67
38 45
38 54
76 12
76 81
58 30
58 82
51 17
51 5
79 44
79 41
68 18
68 47
48 56
48 10
55 72
55 73
9 83
9 19
28 7
28 96
64 29
64 11
69 34
69 92
4 2
4 99
50 85
50 66
86 31
86 62
40 15
40 94
90 89
90 35
33 36
33 22
60 57
