100 100
1 50
1 46
1 91
1 84
1 89
1 93
1 73
1 27
1 28
1 2
1 27
1 24
1 36
1 3
1 86
1 83
1 65
1 47
1 98
1 19
1 52
1 8
1 97
1 4
1 24
1 88
1 32
1 92
1 64
1 56
1 54
1 72
1 82
1 95
1 100
1 52
1 99
1 26
1 74
1 62
1 67
1 19
1 2
1 66
1 40
1 82
1 64
1 10
1 49
1 25
1 96
1 25
1 79
1 42
1 64
1 20
1 7
1 62
1 72
1 68
1 40
1 33
1 61
1 34
1 55
1 64
1 24
1 21
1 72
1 87
1 9
1 79
1 75
1 55
1 16
1 12
1 12
1 85
1 31
1 34
1 100
1 78
1 82
1 73
1 75
1 9
1 55
1 82
1 8
1 7
1 92
1 10
1 28
1 14
1 8
1 87
1 62
1 45
1 34
1 41
87 79
87 11
79 93
79 16
11 85
11 10
93 35
93 66
16 40
16 32
85 81
85 60
10 51
10 99
35 9
35 15
66 59
66 68
40 89
40 53
32 1
32 91
81 24
81 92
60 54
60 73
51 38
51 45
99 42
99 94
9 49
9 20
15 46
15 77
59 48
59 95
68 7
68 88
89 34
89 39
53 18
53 3
1 26
1 44
91 67
91 55
24 47
24 19
92 28
92 29
54 70
54 2
73 71
73 12
38 4
38 23
45 33
45 69
42 75
42 98
94 65
94 63
49 61
49 50
20 30
20 62
46 97
46 83
77 74
77 41
48 8
48 17
95 72
95 14
7 78
7 56
88 43
88 96
34 31
34 6
39 13
39 80
18 21
18 52
3 25
3 90
26 100
26 64
44 36
44 76
67 22
67 57
55 86
55 82
47 58
47 84
19 37
19 5
28 27
