300 100
12 65
12 62
12 97
12 84
12 45
12 76
12 90
12 62
12 84
12 47
12 15
12 24
12 41
12 76
12 3
12 75
12 9
12 43
12 63
12 15
12 29
12 8
12 51
12 85
12 39
12 31
12 37
12 99
12 40
12 52
12 41
12 40
12 49
12 55
12 71
12 84
12 15
12 69
12 74
12 72
12 17
12 87
12 34
12 65
12 25
12 87
12 59
12 38
12 38
12 82
12 56
12 11
12 26
12 99
12 27
12 95
12 65
12 47
12 92
12 59
12 82
12 39
12 92
12 34
12 73
12 75
12 17
12 32
12 43
12 12
12 47
12 60
12 28
12 99
12 89
12 73
12 38
12 31
12 11
12 75
12 81
12 15
12 31
12 14
12 37
12 45
12 9
12 81
12 68
12 36
12 17
12 30
12 48
12 92
12 20
12 15
12 49
12 47
12 25
12 20
12 59
12 49
12 52
12 74
12 33
12 47
12 81
12 34
12 34
12 47
12 3
12 2
12 19
12 90
12 88
12 54
12 65
12 79
12 78
12 72
12 24
12 86
12 56
12 43
12 44
12 61
12 69
12 92
12 49
12 36
12 24
12 37
12 24
12 57
12 75
12 26
12 96
12 94
12 12
12 43
12 48
12 81
12 82
12 14
12 24
12 8
12 56
12 45
12 39
12 97
12 82
12 8
12 18
12 17
12 99
12 61
12 52
12 4
12 53
12 79
12 23
12 77
12 76
12 80
12 82
12 87
12 81
12 11
12 63
12 69
12 52
12 31
12 96
12 29
12 79
12 34
12 26
12 95
12 92
12 28
12 90
12 86
12 77
12 68
12 40
12 93
12 11
12 36
12 38
12 52
12 5
12 4
12 74
12 59
12 14
12 36
12 41
12 2
12 86
12 80
12 48
12 1
12 90
12 22
12 62
12 15
12 98
12 43
12 61
12 23
12 69
12 6
12 67
12 43
12 84
12 20
12 7
12 41
12 78
12 28
12 50
12 77
12 82
12 8
12 51
12 7
12 85
12 61
12 25
12 18
12 85
12 74
12 98
12 25
12 21
12 34
12 13
12 47
12 90
12 5
12 72
12 95
12 62
12 35
12 12
12 45
12 23
12 92
12 93
12 72
12 36
12 64
12 2
12 12
12 41
12 65
12 77
12 32
12 1
12 29
12 78
12 47
12 42
12 62
12 44
12 28
12 76
12 83
12 18
12 26
12 46
12 70
12 75
12 3
12 55
12 91
12 3
12 10
12 53
12 76
12 14
12 96
12 26
12 73
12 81
12 33
12 95
12 91
12 2
12 34
12 26
12 4
12 6
12 53
12 75
12 97
12 7
12 61
12 49
12 28
225 256
225 105
225 50
225 3
225 161
225 7
225 84
225 130
225 142
225 109
225 122
225 42
225 216
225 101
225 55
225 229
225 219
225 298
225 145
225 146
225 2
225 264
225 160
225 123
225 79
225 199
225 22
225 32
225 28
225 81
225 24
225 30
225 127
225 184
225 283
225 110
225 178
225 68
225 131
225 210
225 241
225 135
225 179
225 155
225 76
225 209
225 114
225 181
225 120
225 36
225 17
225 194
225 262
225 290
225 285
225 40
225 249
225 90
225 186
225 169
225 266
225 89
225 237
225 156
225 106
225 15
225 86
225 91
225 292
225 233
225 69
225 183
225 208
225 38
225 291
225 112
225 299
225 196
225 44
225 267
225 82
225 286
225 293
225 128
225 10
225 48
225 119
225 238
225 126
225 212
225 158
225 217
225 83
225 23
225 88
225 49
225 93
225 268
225 94
225 220
225 246
225 275
225 152
225 143
225 102
225 287
225 77
225 92
225 39
225 270
225 9
225 185
225 173
225 197
225 103
225 273
225 230
225 255
225 26
225 206
225 58
225 265
225 258
225 60
225 224
225 193
225 177
225 8
225 134
225 11
225 33
225 43
225 189
225 27
225 51
225 53
225 188
225 5
225 235
225 282
225 244
225 65
225 80
225 29
225 25
225 261
225 223
225 96
225 207
225 259
225 159
225 66
225 21
225 1
225 190
225 211
225 257
225 227
225 165
225 195
225 61
225 295
225 100
225 99
225 272
225 277
225 139
225 226
225 14
225 34
225 87
225 124
225 151
225 166
225 213
225 231
225 117
225 281
225 221
225 297
225 174
225 16
225 148
225 162
225 168
225 140
225 154
225 263
225 72
225 45
225 129
225 176
225 111
225 41
225 253
225 228
225 147
225 242
225 260
225 63
225 121
225 280
225 136
225 200
225 180
225 6
225 73
225 74
225 251
225 201
225 204
225 271
225 300
225 239
225 278
225 71
225 54
225 37
225 59
225 125
225 289
225 97
225 192
225 113
225 35
225 191
225 167
225 248
225 137
225 118
225 138
225 222
225 13
225 205
225 250
225 172
225 56
225 47
225 294
225 202
225 218
225 67
225 182
225 245
225 31
225 284
225 254
225 98
225 296
225 149
225 269
225 198
225 70
225 64
225 78
225 108
225 95
225 170
225 247
225 153
225 203
225 46
225 175
225 236
225 276
225 164
225 252
225 157
225 4
225 144
225 171
225 279
225 288
225 116
225 141
225 214
225 62
225 274
225 132
225 215
225 133
225 18
225 20
225 75
225 107
225 57
225 243
225 234
225 19
225 150
225 163
225 52
225 85
225 115
225 232
225 104
225 187
225 12
225 240
