300 100
68 5
68 72
68 60
68 3
68 12
68 7
68 81
68 87
68 100
68 100
68 98
68 63
68 24
68 56
68 27
68 72
68 10
68 37
68 10
68 37
68 85
68 8
68 71
68 6
68 74
68 40
68 75
68 11
68 76
68 78
68 12
68 43
68 87
68 15
68 51
68 49
68 4
68 98
68 63
68 38
68 77
68 45
68 13
68 78
68 9
68 32
68 92
68 49
68 70
68 40
68 84
68 36
68 6
68 38
68 45
68 23
68 97
68 12
68 96
68 87
68 3
68 28
68 4
68 10
68 1
68 40
68 11
68 82
68 53
68 17
68 13
68 93
68 81
68 55
68 20
68 39
68 17
68 67
68 15
68 29
68 31
68 53
68 17
68 28
68 82
68 46
68 82
68 91
68 44
68 38
68 48
68 6
68 5
68 74
68 61
68 45
68 24
68 72
68 88
68 86
68 47
68 83
68 84
68 87
68 73
68 44
68 55
68 9
68 40
68 94
68 99
68 67
68 39
68 73
68 32
68 6
68 54
68 3
68 16
68 87
68 34
68 4
68 68
68 72
68 18
68 91
68 98
68 4
68 87
68 100
68 25
68 98
68 90
68 96
68 61
68 79
68 17
68 58
68 100
68 37
68 85
68 84
68 36
68 45
68 79
68 100
68 10
68 59
68 41
68 26
68 67
68 4
68 82
68 33
68 28
68 37
68 59
68 70
68 82
68 90
68 3
68 60
68 30
68 55
68 84
68 18
68 40
68 34
68 57
68 34
68 77
68 48
68 96
68 30
68 62
68 63
68 24
68 11
68 90
68 68
68 36
68 27
68 95
68 51
68 100
68 90
68 47
68 75
68 72
68 33
68 82
68 21
68 77
68 79
68 13
68 12
68 17
68 97
68 5
68 58
68 28
68 60
68 72
68 42
68 39
68 78
68 20
68 33
68 80
68 29
68 93
68 82
68 62
68 37
68 95
68 24
68 96
68 78
68 46
68 72
68 20
68 93
68 77
68 22
68 76
68 53
68 70
68 98
68 28
68 49
68 65
68 1
68 49
68 47
68 65
68 16
68 2
68 99
68 79
68 29
68 97
68 41
68 60
68 74
68 82
68 45
68 50
68 58
68 13
68 61
68 33
68 75
68 38
68 27
68 69
68 97
68 62
68 56
68 63
68 16
68 66
68 13
68 87
68 33
68 35
68 36
68 17
68 53
68 58
68 78
68 20
68 60
68 3
68 57
68 70
68 92
68 88
68 10
68 44
68 14
68 98
68 61
68 44
68 63
68 79
68 95
68 90
68 71
68 26
68 27
68 94
68 74
68 53
68 66
68 92
68 93
68 9
68 5
68 33
68 16
172 205
172 204
205 236
205 171
204 118
204 184
236 216
236 196
171 158
171 125
118 117
118 86
184 141
184 14
216 254
216 116
196 5
196 267
158 140
158 234
125 226
125 54
117 228
117 155
86 162
86 177
141 240
141 72
14 294
14 289
254 285
254 92
116 161
116 112
5 186
5 37
267 221
267 114
140 76
140 95
234 168
234 214
226 21
226 132
54 252
54 84
228 33
228 26
155 251
155 256
162 121
162 281
177 30
177 89
240 111
240 136
72 253
72 108
294 40
294 246
289 96
289 261
285 57
285 4
92 73
92 34
161 78
161 179
112 273
112 53
186 288
186 250
37 59
37 69
221 225
221 286
114 157
114 163
76 159
76 198
95 13
95 206
168 181
168 79
214 248
214 282
21 192
21 278
132 247
132 51
252 279
252 22
84 220
84 31
33 49
33 266
26 182
26 128
251 83
251 268
256 197
256 265
121 185
121 245
281 227
281 18
30 297
30 52
89 103
89 61
111 237
111 100
136 138
136 249
253 71
253 8
108 45
108 15
40 219
40 35
246 62
246 235
96 233
96 29
261 90
261 277
57 88
57 283
4 11
4 80
73 183
73 194
34 115
34 260
78 93
78 67
179 122
179 64
273 175
273 299
53 193
53 113
288 23
288 232
250 284
250 110
59 178
59 202
69 130
69 63
225 188
225 94
286 129
286 291
157 207
157 262
163 85
163 238
159 147
159 166
198 1
198 242
13 87
13 187
206 165
206 124
181 28
181 148
79 47
79 68
248 77
248 223
282 217
282 106
192 222
192 154
278 55
278 201
247 210
247 70
51 105
51 25
279 269
279 218
22 164
22 293
220 300
220 258
31 200
31 195
49 173
49 81
266 229
266 134
182 38
182 274
128 82
128 48
83 131
83 208
268 119
268 170
197 10
197 58
265 6
265 144
185 152
185 36
245 126
245 41
227 230
227 46
18 257
18 137
297 153
297 143
52 189
52 9
103 109
103 167
61 150
61 101
237 97
237 102
100 32
100 296
138 276
138 16
249 56
249 270
71 176
71 133
8 203
8 99
45 275
45 75
15 215
15 39
219 127
219 244
35 104
35 65
62 50
62 180
235 231
235 44
233 174
233 211
29 190
29 271
90 2
90 263
277 135
277 27
88 209
88 213
283 280
283 264
11 142
11 292
80 160
80 243
183 191
183 287
194 145
194 120
115 74
115 24
260 224
260 43
93 7
93 156
67 107
67 241
122 20
122 60
64 146
64 272
175 169
175 149
299 66
299 19
193 290
193 139
113 123
113 17
23 91
23 259
232 255
232 3
284 12
284 98
110 151
110 199
178 295
178 42
202 239
202 212
130 298
