100 100
129 93
80 93
41 6
81 36
48 13
257 81
10 31
231 50
143 63
218 64
143 95
39 61
179 89
38 17
69 79
92 86
143 93
189 12
11 85
265 36
80 14
262 63
279 91
23 51
283 68
268 42
137 93
254 18
164 36
219 69
201 8
148 53
181 12
244 2
92 11
286 63
86 30
132 81
165 63
165 20
135 97
128 99
132 41
189 6
181 44
165 44
266 29
188 40
165 11
49 72
8 8
270 90
62 47
189 7
30 35
50 100
269 67
56 27
97 92
131 23
294 72
4 2
52 37
107 68
33 49
139 85
128 78
6 37
293 46
15 57
70 11
20 51
294 99
290 85
296 98
190 86
128 53
119 10
75 28
119 95
189 88
300 82
153 36
179 89
45 86
185 34
278 28
49 86
6 11
30 34
206 24
121 41
93 31
249 25
117 49
245 14
53 49
245 13
134 64
9 57
93 47
93 81
47 30
47 59
81 39
81 68
30 98
30 61
59 84
59 15
39 95
39 12
68 55
68 48
98 20
98 53
61 29
61 45
84 24
84 74
15 42
15 63
95 25
95 46
12 58
12 83
55 78
55 9
48 92
48 2
20 100
20 41
53 40
53 71
29 44
29 8
45 17
45 4
24 62
24 33
74 49
74 13
42 18
42 37
63 21
63 22
25 57
25 85
46 19
46 88
58 94
58 64
83 23
83 10
78 52
78 66
9 34
9 26
92 28
92 89
2 32
2 86
100 73
100 3
41 82
41 5
40 7
40 70
71 96
71 11
44 65
44 6
8 90
8 38
17 77
17 97
4 16
4 56
62 36
62 80
33 50
33 54
49 1
49 75
13 60
13 87
18 91
18 14
37 43
37 79
21 67
21 99
22 76
22 51
57 27
57 35
85 69
85 31
19 72
