100 10
114 88
158 40
234 10
51 58
42 100
72 43
257 93
203 8
270 57
256 87
280 61
255 17
23 10
272 93
126 73
164 11
135 92
114 88
5 88
198 69
37 83
53 17
59 46
42 48
117 65
298 2
295 67
51 10
115 43
295 60
212 13
293 21
243 67
204 61
129 95
113 83
245 90
186 40
263 90
192 90
291 8
121 58
108 64
119 8
250 69
99 60
99 56
163 35
98 27
300 64
135 62
239 10
177 77
266 39
241 27
197 82
228 65
56 32
231 22
262 3
48 70
299 87
262 74
5 38
141 24
218 32
227 51
295 11
223 80
286 81
252 42
235 50
232 87
220 77
95 8
179 20
103 37
151 98
127 36
219 28
107 89
15 57
222 6
108 84
57 43
170 99
16 6
130 22
101 1
229 16
24 28
11 99
30 5
173 74
112 57
113 52
5 24
148 15
71 44
232 46
74 75
75 68
68 46
46 28
28 30
30 76
76 83
83 8
8 65
65 90
90 70
70 88
88 36
36 52
52 35
35 97
97 50
50 14
14 93
93 73
73 63
63 61
61 43
43 1
1 51
51 39
39 2
2 53
53 86
86 22
22 57
57 94
94 19
19 42
42 3
3 13
13 17
17 58
58 26
26 27
27 33
33 21
21 5
5 77
77 12
12 4
4 18
18 15
15 7
7 81
81 78
78 23
23 16
16 6
6 100
100 60
60 49
49 67
67 72
72 80
80 59
59 34
34 84
84 40
40 29
29 96
96 64
64 98
98 11
11 48
48 54
54 24
24 41
41 32
32 20
20 31
31 45
45 69
69 87
87 95
95 55
55 71
71 25
25 79
79 38
38 10
10 89
89 92
92 9
9 85
85 56
56 47
47 44
44 62
62 66
66 82
82 91
91 99
99 37
