100 300
1 75
1 80
1 89
1 3
1 12
1 60
1 2
1 84
1 48
1 88
1 68
1 64
1 35
1 67
1 48
1 13
1 23
1 46
1 50
1 51
1 43
1 62
1 15
1 65
1 32
1 98
1 25
1 9
1 54
1 79
1 77
1 64
1 95
1 98
1 43
1 13
1 7
1 21
1 70
1 95
1 19
1 23
1 51
1 56
1 58
1 15
1 95
1 41
1 39
1 64
1 11
1 12
1 67
1 92
1 3
1 22
1 10
1 80
1 2
1 74
1 30
1 18
1 34
1 2
1 24
1 25
1 25
1 18
1 45
1 87
1 43
1 83
1 75
1 10
1 87
1 33
1 4
1 60
1 66
1 69
1 26
1 41
1 93
1 32
1 77
1 20
1 85
1 82
1 55
1 75
1 7
1 64
1 57
1 83
1 4
1 15
1 85
1 72
1 50
1 64
93 5
93 57
5 72
5 94
5 87
5 83
5 69
5 16
5 6
5 20
72 95
72 74
94 9
94 28
94 33
94 27
94 79
94 47
87 92
87 30
87 49
87 11
87 19
9 40
9 17
28 61
28 41
28 42
83 77
83 75
83 71
69 73
61 3
61 59
27 15
73 43
73 96
73 39
92 67
92 78
30 84
30 50
3 99
95 97
95 38
79 7
15 53
15 64
40 55
40 45
49 12
49 91
47 34
57 76
57 21
16 68
16 18
77 56
77 22
41 58
41 89
41 32
12 35
74 80
74 82
68 36
68 1
68 86
68 31
43 14
80 63
56 37
82 85
82 100
35 60
60 25
60 10
63 26
63 62
34 88
1 98
42 48
48 44
58 70
58 23
19 2
70 54
97 52
22 13
13 24
96 65
44 81
88 66
88 8
71 4
71 29
4 46
29 51
39 90
