100 100
154 66
35 50
238 51
300 65
42 44
159 97
108 24
70 27
30 99
124 22
183 92
244 52
242 8
272 34
239 13
247 11
270 55
112 17
92 60
43 12
171 20
117 78
75 37
186 17
138 46
285 74
44 86
263 12
50 47
166 39
6 89
294 89
278 17
136 89
119 67
94 81
122 60
9 3
284 66
130 20
179 77
273 71
14 56
46 2
241 9
26 94
169 96
218 53
112 34
277 14
174 62
214 24
170 23
84 86
122 96
193 36
150 98
80 38
28 96
247 37
93 93
185 18
217 38
294 75
49 48
243 94
247 96
77 58
119 37
190 32
222 73
61 67
55 91
229 83
46 30
7 28
170 48
142 44
174 12
52 22
108 4
67 8
13 48
90 63
293 18
226 72
184 65
14 70
272 14
111 38
195 81
19 58
84 29
227 66
221 27
241 51
156 48
230 97
198 57
95 23
90 5
90 66
90 72
90 78
90 35
90 81
90 29
90 76
5 86
5 68
5 54
5 77
86 10
86 83
86 4
68 100
68 46
66 16
66 64
66 17
66 73
100 93
100 25
100 41
16 14
16 21
16 91
16 33
16 34
54 3
54 89
54 37
14 43
14 36
72 32
3 39
3 30
78 67
25 85
25 95
25 55
35 15
35 88
21 27
43 75
43 19
43 79
43 44
15 69
15 38
75 2
10 62
32 22
32 26
32 49
19 40
83 50
81 52
81 65
29 71
29 24
79 48
79 80
79 53
79 59
4 96
36 98
48 13
80 99
80 63
52 97
65 45
65 20
26 42
26 1
27 60
67 28
30 56
62 8
42 58
63 84
56 9
96 74
71 18
85 57
85 7
41 6
44 47
74 51
74 31
76 92
2 23
2 61
2 12
97 70
97 94
97 11
47 82
55 87
