100 10
1 27
1 53
1 26
1 45
1 12
1 43
1 92
1 83
1 29
1 13
1 5
1 51
1 85
1 100
1 19
1 71
1 55
1 67
1 12
1 11
1 82
1 4
1 81
1 38
1 24
1 99
1 41
1 48
1 60
1 93
1 5
1 73
1 61
1 60
1 84
1 92
1 39
1 57
1 96
1 43
1 76
1 59
1 18
1 66
1 19
1 8
1 6
1 30
1 30
1 64
1 34
1 48
1 52
1 35
1 90
1 57
1 41
1 80
1 33
1 54
1 84
1 23
1 77
1 45
1 50
1 42
1 9
1 49
1 66
1 37
1 84
1 92
1 76
1 97
1 62
1 88
1 62
1 56
1 9
1 93
1 51
1 84
1 14
1 53
1 29
1 58
1 26
1 55
1 7
1 2
1 78
1 49
1 14
1 78
1 1
1 31
1 4
1 16
1 97
1 37
9 19
9 37
19 73
19 34
37 99
37 10
73 66
73 63
34 36
34 80
99 18
99 91
10 81
10 35
66 52
66 17
63 38
63 77
36 56
36 26
80 58
80 51
18 31
18 30
91 11
91 68
81 59
81 47
35 22
35 25
52 76
52 7
17 72
17 23
38 39
38 74
77 88
77 45
56 1
56 69
26 41
26 13
58 14
58 90
51 78
51 62
31 64
31 54
30 86
30 97
11 93
11 33
68 29
68 16
59 70
59 5
47 24
47 20
22 96
22 87
25 67
25 98
76 85
76 94
7 95
7 92
72 83
72 57
23 4
23 61
39 8
39 79
74 12
74 44
88 84
88 27
45 100
45 3
1 46
1 60
69 43
69 15
41 21
41 28
13 40
13 89
14 49
14 65
90 82
90 50
78 48
78 55
62 42
62 32
64 2
64 75
54 53
54 71
86 6
