100 100
1 68
1 21
1 49
1 55
1 50
1 22
1 55
1 80
1 48
1 40
1 53
1 84
1 1
1 59
1 50
1 29
1 85
1 25
1 89
1 74
1 97
1 49
1 22
1 8
1 31
1 20
1 55
1 29
1 8
1 24
1 14
1 66
1 78
1 70
1 83
1 48
1 8
1 52
1 77
1 65
1 70
1 61
1 3
1 75
1 69
1 76
1 40
1 42
1 84
1 26
1 62
1 30
1 25
1 84
1 58
1 75
1 3
1 96
1 43
1 27
1 36
1 22
1 56
1 91
1 71
1 64
1 48
1 27
1 57
1 57
1 15
1 53
1 41
1 5
1 58
1 3
1 85
1 94
1 42
1 28
1 34
1 80
1 37
1 41
1 90
1 29
1 98
1 86
1 61
1 4
1 59
1 78
1 17
1 23
1 48
1 7
1 22
1 30
1 88
1 84
39 82
82 14
14 89
89 73
73 51
51 94
94 46
46 83
83 44
44 88
88 35
35 17
17 18
18 28
28 100
100 77
77 19
19 38
38 34
34 86
86 8
8 93
93 81
81 79
79 52
52 32
32 91
91 36
36 30
30 97
97 7
7 99
99 95
95 6
6 2
2 61
61 63
63 47
47 31
31 41
41 58
58 49
49 64
64 20
20 26
26 57
57 22
22 24
24 40
40 12
12 54
54 78
78 1
1 37
37 71
71 72
72 9
9 67
67 76
76 62
62 11
11 70
70 90
90 55
55 42
42 10
10 85
85 87
87 50
50 59
59 25
25 69
69 3
3 45
45 48
48 60
60 4
4 5
5 43
43 33
33 92
92 96
96 75
75 80
80 21
21 56
56 66
66 15
15 53
53 29
29 84
84 98
98 65
65 16
16 27
27 74
74 68
68 13
13 23
