300 300
189 86
34 43
98 87
243 21
259 31
57 59
249 51
269 56
39 37
180 12
172 48
173 65
127 62
22 85
102 68
109 64
173 90
194 74
56 19
248 75
3 63
80 13
113 14
192 53
246 58
160 75
14 44
62 49
36 78
160 4
46 18
35 83
146 49
100 81
89 90
24 88
31 30
255 45
62 75
194 98
225 97
288 8
150 98
250 76
58 51
224 3
168 37
222 42
70 38
85 32
179 47
241 84
293 48
164 87
206 12
117 24
153 72
139 24
278 68
70 33
167 40
130 41
88 10
74 17
178 70
262 84
283 56
290 37
270 93
232 80
114 45
250 16
94 35
261 66
247 6
276 18
73 97
79 42
43 58
222 38
146 93
41 21
48 7
33 86
134 25
92 87
48 27
264 36
228 9
209 97
76 90
104 29
218 74
261 23
298 54
17 95
135 74
176 93
30 99
153 34
98 29
227 86
237 17
120 50
180 2
47 9
168 56
235 77
75 51
62 18
219 63
294 13
34 83
114 85
24 91
3 41
119 72
264 21
47 94
199 95
193 54
149 28
19 9
121 38
43 53
32 31
160 96
175 46
258 65
110 4
77 15
131 19
83 55
78 4
43 68
209 44
206 51
132 23
35 67
125 64
81 94
175 50
39 99
31 80
18 37
271 72
241 35
64 63
276 5
145 25
41 12
146 97
241 13
288 26
193 21
141 27
65 28
103 41
230 12
21 4
41 35
15 44
100 67
268 40
57 15
126 89
56 21
105 99
35 76
167 93
229 82
192 96
292 5
211 83
237 79
239 76
290 18
151 8
58 44
92 28
236 23
148 72
95 85
22 32
50 78
97 96
65 99
239 75
263 62
156 30
73 32
154 21
2 74
40 32
201 73
115 36
44 73
253 72
299 62
236 18
85 16
220 9
84 76
81 52
112 83
237 1
175 30
56 61
16 10
169 57
54 92
188 62
158 56
8 5
219 11
140 58
183 25
27 17
154 76
146 7
297 53
93 93
261 9
175 11
142 63
39 71
254 32
291 31
293 71
244 74
182 86
54 14
25 3
79 69
155 33
158 82
60 21
69 8
245 83
293 56
199 57
295 11
211 56
44 59
120 97
198 37
289 71
86 90
150 62
278 91
224 23
17 97
291 41
20 53
113 10
117 34
286 28
143 27
169 44
30 99
174 15
240 32
294 24
241 63
287 20
69 25
131 66
277 3
285 28
55 59
2 94
282 24
211 51
297 7
86 85
249 24
96 95
208 28
56 32
228 31
111 81
81 72
282 46
37 89
104 43
296 69
294 56
74 32
142 1
84 62
42 71
41 37
216 98
105 30
151 59
148 9
55 22
275 32
183 97
243 87
41 22
41 157
41 227
41 130
41 249
41 17
41 123
41 118
22 198
22 251
22 58
22 184
22 289
157 155
157 133
157 208
157 126
157 124
157 45
227 194
227 188
227 243
227 65
227 31
227 77
227 245
251 144
251 199
251 286
251 187
251 110
155 197
155 212
194 162
194 156
194 163
188 171
188 282
188 260
133 70
133 173
133 250
133 209
133 216
162 281
162 200
162 252
281 138
200 92
200 149
200 99
144 238
144 145
144 128
171 81
171 93
171 72
130 170
130 29
130 53
130 168
130 290
170 186
170 104
170 96
170 255
208 274
208 79
208 6
208 297
208 111
199 136
199 167
199 107
199 189
199 121
81 300
81 278
81 150
81 71
81 258
238 134
238 220
136 34
136 270
136 84
136 95
300 24
300 19
300 82
300 158
300 253
70 179
70 240
70 68
249 48
249 207
249 9
249 147
249 223
179 202
179 262
179 69
274 20
274 60
186 276
17 39
17 183
17 210
39 218
39 222
34 10
218 86
93 40
93 83
93 3
58 119
58 254
72 204
40 161
40 36
126 67
126 285
126 257
126 122
126 283
126 114
126 203
48 87
48 230
202 259
202 112
10 139
10 177
10 88
285 271
161 50
79 51
83 236
184 180
184 129
145 159
278 125
257 46
257 239
20 109
20 196
20 225
20 94
46 4
46 275
173 265
6 234
6 291
6 279
207 55
134 248
134 2
297 63
125 120
150 233
150 273
45 28
9 15
9 224
9 242
120 61
120 284
120 59
123 192
180 33
122 73
122 169
61 23
104 26
104 232
240 288
240 101
250 263
250 172
250 52
29 154
29 127
239 7
111 90
111 299
26 201
167 27
284 256
284 247
284 160
243 141
243 56
243 13
243 226
233 11
55 78
55 269
55 135
288 176
197 267
147 38
147 12
59 49
59 21
90 298
187 47
187 213
101 108
138 293
138 140
138 231
47 44
47 80
47 277
209 152
204 116
204 229
109 266
109 16
109 146
86 214
56 151
56 206
223 66
118 35
276 211
53 105
107 175
107 182
258 205
258 14
78 246
78 292
298 97
175 102
248 42
248 30
252 74
149 54
149 43
149 190
201 132
299 195
269 219
293 241
66 272
255 98
255 5
3 261
116 131
192 295
54 8
65 221
65 228
65 153
65 113
260 89
196 264
196 178
182 237
168 76
151 57
151 164
129 217
261 191
261 103
44 37
44 117
60 106
226 64
84 100
140 294
221 244
80 137
160 280
27 143
63 75
76 115
14 166
14 91
158 181
291 215
277 174
277 235
37 287
37 268
74 85
38 193
203 296
203 25
117 142
97 165
97 18
97 148
12 1
212 185
178 62
294 32
