100 10
3 33
3 32
3 65
3 81
3 87
3 81
3 48
3 59
3 19
3 9
3 9
3 31
3 87
3 80
3 68
3 44
3 71
3 65
3 23
3 56
3 46
3 42
3 66
3 18
3 35
3 17
3 5
3 36
3 43
3 8
3 16
3 6
3 45
3 61
3 85
3 78
3 10
3 15
3 37
3 61
3 22
3 47
3 33
3 53
3 35
3 93
3 40
3 85
3 11
3 12
3 53
3 66
3 72
3 57
3 15
3 42
3 49
3 59
3 38
3 93
3 71
3 2
3 26
3 43
3 65
3 76
3 67
3 92
3 60
3 77
3 20
3 59
3 59
3 33
3 38
3 52
3 33
3 88
3 11
3 69
3 45
3 65
3 54
3 82
3 85
3 7
3 59
3 40
3 3
3 96
3 73
3 90
3 86
3 15
3 86
3 68
3 62
3 44
3 25
3 94
61 66
66 13
13 57
57 95
95 22
22 17
17 69
69 87
87 7
7 67
67 43
43 52
52 79
79 54
54 19
19 85
85 93
93 49
49 53
53 3
3 75
75 34
34 56
56 65
65 80
80 60
60 94
94 27
27 51
51 71
71 41
41 8
8 31
31 45
45 16
16 39
39 35
35 62
62 29
29 48
48 76
76 70
70 83
83 96
96 30
30 98
98 12
12 84
84 20
20 74
74 33
33 77
77 25
25 23
23 2
2 42
42 55
55 73
73 72
72 21
21 64
64 40
40 100
100 92
92 88
88 82
82 38
38 78
78 99
99 81
81 46
46 6
6 9
9 68
68 4
4 24
24 59
59 1
1 90
90 10
10 26
26 15
15 50
50 58
58 32
32 37
37 86
86 28
28 63
63 14
14 18
18 91
91 89
89 47
47 44
44 5
5 97
97 11
11 36
