300 100
1 62
1 56
1 22
1 65
1 24
1 37
1 23
1 89
1 38
1 13
1 69
1 97
1 20
1 20
1 52
1 56
1 47
1 90
1 87
1 8
1 68
1 3
1 84
1 13
1 100
1 52
1 12
1 80
1 52
1 67
1 1
1 92
1 4
1 38
1 91
1 30
1 87
1 65
1 74
1 30
1 24
1 55
1 20
1 97
1 5
1 73
1 81
1 97
1 36
1 58
1 84
1 28
1 49
1 79
1 2
1 54
1 38
1 39
1 62
1 51
1 25
1 66
1 43
1 85
1 89
1 70
1 83
1 14
1 82
1 96
1 62
1 57
1 22
1 96
1 15
1 37
1 76
1 3
1 92
1 15
1 88
1 65
1 28
1 64
1 60
1 97
1 75
1 77
1 38
1 94
1 84
1 23
1 78
1 12
1 72
1 60
1 40
1 90
1 12
1 5
1 59
1 87
1 81
1 27
1 98
1 50
1 93
1 93
1 9
1 10
1 1
1 95
1 78
1 65
1 83
1 95
1 10
1 9
1 3
1 97
1 5
1 70
1 31
1 31
1 48
1 8
1 63
1 40
1 74
1 93
1 42
1 90
1 59
1 87
1 94
1 52
1 70
1 61
1 23
1 66
1 17
1 25
1 77
1 80
1 86
1 25
1 31
1 53
1 98
1 83
1 2
1 33
1 18
1 73
1 19
1 54
1 80
1 99
1 16
1 12
1 74
1 28
1 69
1 82
1 20
1 12
1 36
1 58
1 44
1 37
1 50
1 79
1 98
1 100
1 70
1 82
1 21
1 81
1 94
1 21
1 57
1 26
1 78
1 12
1 53
1 14
1 82
1 56
1 13
1 65
1 20
1 40
1 94
1 68
1 18
1 76
1 88
1 3
1 33
1 20
1 8
1 17
1 61
1 92
1 47
1 52
1 83
1 1
1 80
1 60
1 39
1 58
1 20
1 94
1 26
1 27
1 89
1 87
1 46
1 76
1 97
1 36
1 67
1 65
1 24
1 63
1 95
1 24
1 75
1 47
1 31
1 94
1 71
1 58
1 33
1 91
1 19
1 30
1 4
1 23
1 73
1 17
1 6
1 41
1 81
1 30
1 21
1 74
1 85
1 62
1 71
1 68
1 24
1 37
1 32
1 4
1 30
1 62
1 53
1 34
1 93
1 31
1 16
1 89
1 41
1 12
1 14
1 76
1 64
1 95
1 98
1 71
1 76
1 90
1 46
1 22
1 62
1 54
1 54
1 1
1 14
1 81
1 34
1 99
1 79
1 99
1 91
1 91
1 33
1 12
1 45
1 96
1 70
1 8
1 82
1 50
1 11
1 96
1 31
1 29
294 267
294 160
294 93
294 11
294 228
294 112
294 298
294 252
294 6
294 17
294 158
294 250
294 110
294 232
294 184
294 126
294 49
294 37
294 74
294 187
294 140
294 39
294 102
294 179
294 43
294 141
294 34
294 299
294 197
294 233
294 100
294 223
294 137
294 242
294 24
294 239
294 278
294 149
294 15
294 234
294 83
294 3
294 266
294 66
294 178
294 108
294 259
294 296
294 90
294 282
294 265
294 151
294 264
294 115
294 64
294 116
294 295
294 55
294 52
294 96
294 196
294 101
294 277
294 61
294 26
294 122
294 289
294 81
294 208
294 195
294 200
294 213
294 254
294 67
294 168
294 194
294 170
294 85
294 89
294 209
294 237
294 62
294 139
294 133
294 206
294 33
294 188
294 70
294 173
294 107
294 4
294 152
294 36
294 199
294 159
294 29
294 63
294 255
294 271
294 207
294 263
294 32
294 14
294 59
294 217
294 2
294 155
294 138
294 148
294 119
294 238
294 78
294 8
294 150
294 75
294 51
294 222
294 144
294 245
294 5
294 80
294 113
294 180
294 130
294 30
294 46
294 175
294 225
294 92
294 72
294 181
294 22
294 114
294 249
294 95
294 235
294 53
294 163
294 293
294 243
294 109
294 76
294 162
294 131
294 202
294 82
294 88
294 212
294 198
294 1
294 77
294 56
294 31
294 253
294 44
294 47
294 145
294 186
294 143
294 132
294 54
294 300
294 42
294 279
294 134
294 287
294 166
294 285
294 147
294 268
294 58
294 204
294 270
294 153
294 27
294 117
294 172
294 248
294 25
294 224
294 262
294 123
294 230
294 94
294 10
294 12
294 276
294 280
294 283
294 69
294 216
294 174
294 136
294 106
294 98
294 125
294 256
294 190
294 13
294 35
294 165
294 274
294 105
294 111
294 286
294 244
294 297
294 189
294 157
294 176
294 241
294 281
294 9
294 87
294 211
294 284
294 193
294 219
294 48
294 261
294 154
294 292
294 164
294 169
294 182
294 257
294 171
294 288
294 86
294 121
294 183
294 156
294 68
294 291
294 79
294 214
294 236
294 201
294 258
294 23
294 251
294 28
294 185
294 129
294 97
294 221
294 269
294 71
294 57
294 229
294 16
294 38
294 60
294 226
294 19
294 142
294 128
294 50
294 210
294 215
294 73
294 40
294 203
294 260
294 84
294 290
294 275
294 7
294 21
294 120
294 65
294 218
294 45
294 231
294 227
294 273
294 247
294 240
294 161
294 191
294 91
294 127
294 41
294 272
294 103
294 205
294 20
294 146
294 192
294 118
294 99
294 18
294 104
294 124
294 135
294 246
294 167
294 220
294 177
