300 10
1 87
1 86
1 63
1 75
1 56
1 94
1 88
1 59
1 92
1 6
1 63
1 4
1 15
1 18
1 90
1 40
1 20
1 96
1 77
1 48
1 47
1 72
1 25
1 65
1 7
1 76
1 81
1 62
1 7
1 5
1 1
1 65
1 98
1 78
1 49
1 10
1 87
1 77
1 22
1 11
1 7
1 78
1 14
1 56
1 44
1 77
1 98
1 28
1 51
1 18
1 2
1 94
1 16
1 33
1 41
1 5
1 85
1 71
1 36
1 66
1 55
1 92
1 10
1 95
1 64
1 63
1 22
1 83
1 46
1 40
1 94
1 94
1 66
1 100
1 81
1 79
1 13
1 79
1 47
1 89
1 35
1 85
1 2
1 58
1 30
1 79
1 93
1 37
1 29
1 61
1 21
1 41
1 71
1 28
1 66
1 13
1 6
1 33
1 71
1 17
1 84
1 86
1 49
1 12
1 78
1 22
1 44
1 98
1 29
1 99
1 38
1 75
1 24
1 92
1 40
1 68
1 30
1 50
1 80
1 60
1 54
1 87
1 35
1 85
1 68
1 59
1 39
1 41
1 51
1 89
1 28
1 36
1 22
1 49
1 48
1 51
1 37
1 66
1 75
1 52
1 11
1 53
1 97
1 12
1 34
1 9
1 68
1 63
1 72
1 58
1 68
1 64
1 96
1 89
1 95
1 84
1 98
1 75
1 97
1 86
1 31
1 84
1 81
1 71
1 9
1 91
1 30
1 7
1 84
1 22
1 62
1 60
1 94
1 19
1 38
1 23
1 39
1 90
1 14
1 29
1 92
1 92
1 35
1 85
1 32
1 2
1 59
1 48
1 57
1 90
1 100
1 39
1 97
1 64
1 75
1 56
1 33
1 54
1 60
1 67
1 64
1 27
1 45
1 33
1 81
1 82
1 93
1 10
1 73
1 92
1 74
1 15
1 51
1 32
1 47
1 78
1 96
1 69
1 63
1 21
1 8
1 90
1 96
1 50
1 8
1 68
1 79
1 56
1 65
1 6
1 31
1 76
1 25
1 84
1 68
1 85
1 20
1 50
1 68
1 93
1 69
1 29
1 18
1 52
1 47
1 99
1 51
1 98
1 79
1 80
1 36
1 54
1 20
1 32
1 92
1 70
1 39
1 80
1 53
1 87
1 4
1 95
1 99
1 43
1 63
1 15
1 91
1 72
1 21
1 81
1 17
1 84
1 24
1 59
1 33
1 77
1 66
1 95
1 57
1 83
1 72
1 70
1 25
1 18
1 20
1 59
1 86
1 98
1 84
1 75
1 73
1 37
1 10
1 27
1 80
1 35
1 83
1 39
1 81
1 58
5 270
5 275
5 154
270 52
270 232
270 179
270 141
270 95
52 161
52 59
52 253
52 53
52 78
52 247
52 209
52 156
52 157
161 11
161 47
161 108
161 147
161 118
161 282
11 140
11 112
11 87
11 48
59 68
59 20
59 194
47 174
47 212
47 16
174 267
68 104
68 241
68 14
68 291
68 256
68 89
20 123
20 168
20 57
20 43
20 223
108 134
108 25
108 61
108 176
134 24
104 273
104 94
104 55
104 142
104 93
123 144
123 170
168 151
168 294
168 127
273 221
273 56
273 3
232 259
232 75
232 146
232 277
232 13
179 114
179 200
179 276
57 213
57 143
57 264
94 98
94 6
94 15
94 29
114 204
114 231
114 74
114 96
114 211
114 262
204 195
194 51
151 44
151 23
147 198
147 77
147 192
147 242
147 295
55 30
55 150
55 237
25 149
25 70
149 116
43 208
43 288
43 292
43 219
253 266
253 40
294 129
294 131
98 175
98 201
98 226
98 169
98 244
98 193
98 137
98 10
140 39
140 120
140 278
200 106
200 254
53 218
53 73
30 80
30 97
30 290
175 280
266 297
266 99
142 263
142 203
142 125
213 31
212 230
212 153
212 158
212 181
106 88
106 180
106 130
208 274
208 184
208 102
88 110
88 79
88 27
275 64
275 36
198 227
93 245
129 166
201 172
201 63
80 164
80 251
172 225
172 260
172 60
230 220
230 222
195 152
195 105
195 45
78 271
78 215
221 162
221 17
241 217
110 115
225 90
39 160
70 293
70 178
280 187
280 234
160 1
160 32
260 84
260 82
227 229
61 272
61 228
84 202
263 119
112 190
79 235
79 121
79 83
79 285
176 165
176 37
231 18
27 239
226 269
14 49
14 117
74 111
74 62
162 236
162 197
236 186
236 34
153 240
153 7
153 38
153 72
203 19
240 4
288 206
169 138
24 107
187 139
187 12
166 81
166 248
166 188
166 252
77 191
77 185
96 210
7 91
210 133
210 268
210 109
180 167
220 26
192 35
192 243
278 101
244 257
244 163
191 189
209 207
245 92
245 196
18 281
293 46
141 300
272 148
272 159
35 205
35 66
239 173
239 50
138 296
235 76
207 113
267 289
217 135
46 258
133 122
218 286
159 86
159 171
228 21
228 250
99 214
99 54
19 2
19 8
19 233
152 224
152 279
2 100
2 58
229 67
224 287
234 71
234 183
248 299
248 136
31 249
139 41
21 42
156 132
122 177
132 265
189 145
189 255
26 85
100 65
115 283
115 33
117 155
299 126
127 284
276 182
15 128
219 28
119 238
173 9
28 22
71 69
76 103
182 124
41 246
243 199
103 216
82 298
130 261
