300 300
30 87
30 30
30 61
30 9
30 88
30 94
30 2
30 65
30 48
30 57
30 2
30 79
30 74
30 52
30 47
30 40
30 90
30 46
30 42
30 36
30 28
30 97
30 25
30 30
30 13
30 70
30 81
30 55
30 86
30 15
30 48
30 79
30 53
30 36
30 83
30 28
30 46
30 63
30 45
30 95
30 84
30 56
30 11
30 57
30 57
30 8
30 80
30 84
30 79
30 72
30 72
30 73
30 47
30 28
30 7
30 95
30 59
30 90
30 42
30 71
30 92
30 48
30 47
30 40
30 12
30 96
30 77
30 90
30 62
30 48
30 80
30 53
30 16
30 9
30 5
30 14
30 90
30 35
30 12
30 67
30 89
30 64
30 59
30 65
30 17
30 85
30 52
30 45
30 74
30 95
30 92
30 37
30 75
30 75
30 91
30 68
30 1
30 40
30 58
30 99
30 62
30 95
30 34
30 64
30 79
30 77
30 68
30 63
30 50
30 20
30 60
30 90
30 21
30 47
30 55
30 99
30 42
30 64
30 46
30 59
30 56
30 97
30 59
30 48
30 74
30 58
30 5
30 92
30 27
30 71
30 16
30 94
30 47
30 76
30 83
30 41
30 37
30 22
30 39
30 93
30 32
30 4
30 24
30 80
30 74
30 83
30 16
30 90
30 93
30 52
30 98
30 77
30 100
30 54
30 74
30 42
30 30
30 58
30 87
30 88
30 54
30 59
30 47
30 57
30 66
30 64
30 38
30 3
30 86
30 40
30 63
30 74
30 62
30 31
30 40
30 33
30 34
30 68
30 34
30 54
30 38
30 94
30 24
30 31
30 3
30 70
30 75
30 63
30 25
30 100
30 24
30 79
30 46
30 53
30 37
30 67
30 72
30 59
30 79
30 2
30 93
30 54
30 56
30 77
30 39
30 15
30 55
30 52
30 78
30 48
30 2
30 46
30 75
30 54
30 25
30 28
30 11
30 86
30 67
30 34
30 37
30 18
30 9
30 77
30 83
30 57
30 18
30 79
30 64
30 23
30 11
30 52
30 11
30 11
30 67
30 100
30 82
30 79
30 40
30 53
30 18
30 97
30 84
30 67
30 67
30 53
30 57
30 92
30 37
30 46
30 54
30 87
30 50
30 13
30 99
30 32
30 62
30 78
30 80
30 72
30 43
30 2
30 11
30 53
30 39
30 56
30 21
30 64
30 33
30 28
30 62
30 73
30 72
30 47
30 59
30 42
30 80
30 50
30 41
30 76
30 5
30 67
30 47
30 43
30 55
30 92
30 23
30 76
30 63
30 84
30 9
30 75
30 67
30 40
30 48
30 79
30 34
30 12
30 38
30 76
177 154
177 19
177 214
177 168
177 120
177 29
177 10
177 186
177 80
177 66
177 62
177 222
177 261
177 276
177 244
177 103
177 229
177 101
177 26
177 203
177 124
177 298
177 260
177 176
177 148
177 37
177 205
177 216
177 187
177 242
177 271
177 199
177 195
177 202
177 111
177 252
177 109
177 81
177 174
177 152
177 175
177 193
177 30
177 78
177 93
177 40
177 200
177 104
177 46
177 57
177 119
177 144
177 32
177 127
177 70
177 1
177 273
177 249
177 253
177 180
177 284
177 96
177 251
177 256
177 114
177 16
177 17
177 262
177 75
177 182
177 97
177 156
177 55
177 232
177 88
177 146
177 34
177 240
177 48
177 224
177 167
177 52
177 63
177 112
177 185
177 267
177 87
177 145
177 293
177 21
177 14
177 274
177 268
177 295
177 285
177 143
177 286
177 102
177 65
177 136
177 194
177 131
177 105
177 264
177 190
177 49
177 201
177 170
177 95
177 231
177 178
177 179
177 181
177 241
177 290
177 91
177 123
177 265
177 39
177 234
177 43
177 288
177 173
177 192
177 4
177 236
177 250
177 117
177 211
177 47
177 163
177 287
177 279
177 223
177 191
177 130
177 82
177 134
177 172
177 184
177 166
177 258
177 164
177 246
177 73
177 151
177 228
177 207
177 247
177 149
177 15
177 255
177 24
177 188
177 183
177 227
177 160
177 23
177 218
177 118
177 68
177 125
177 6
177 121
177 113
177 162
177 237
177 56
177 291
177 208
177 94
177 33
177 8
177 67
177 20
177 58
177 219
177 299
177 107
177 254
177 196
177 100
177 53
177 133
177 138
177 257
177 106
177 198
177 220
177 98
177 281
177 9
177 282
177 210
177 147
177 217
177 137
177 209
177 44
177 31
177 77
177 245
177 90
177 150
177 159
177 248
177 213
177 18
177 289
177 278
177 115
177 110
177 25
177 135
177 212
177 275
177 27
177 230
177 161
177 297
177 83
177 12
177 243
177 169
177 108
177 69
177 36
177 283
177 140
177 142
177 280
177 84
177 72
177 74
177 239
177 38
177 141
177 51
177 35
177 76
177 11
177 79
177 64
177 128
177 3
177 215
177 294
177 139
177 155
177 263
177 92
177 54
177 71
177 221
177 225
177 86
177 292
177 50
177 189
177 129
177 296
177 266
177 132
177 122
177 60
177 277
177 116
177 7
177 85
177 2
177 204
177 89
177 45
177 59
177 99
177 158
177 5
177 269
177 126
177 197
177 41
177 157
177 238
177 206
177 270
177 235
177 300
177 42
177 153
177 226
177 61
177 165
177 13
177 233
177 28
177 259
177 171
177 272
177 22
