100 100
101 71
101 33
101 25
101 93
101 13
101 31
101 40
101 96
101 88
101 81
101 42
101 54
101 74
101 96
101 78
101 17
101 16
101 73
101 54
101 1
101 50
101 95
101 19
101 46
101 37
101 91
101 42
101 83
101 1
101 8
101 18
101 49
101 87
101 64
101 96
101 1
101 24
101 98
101 99
101 92
101 10
101 78
101 28
101 49
101 51
101 53
101 79
101 95
101 85
101 92
101 36
101 93
101 83
101 73
101 87
101 7
101 9
101 12
101 85
101 84
101 50
101 68
101 32
101 67
101 70
101 15
101 23
101 96
101 46
101 57
101 30
101 80
101 77
101 30
101 32
101 23
101 9
101 18
101 93
101 31
101 35
101 80
101 97
101 6
101 27
101 55
101 6
101 69
101 63
101 78
101 91
101 25
101 16
101 68
101 25
101 7
101 90
101 88
101 61
101 37
87 42
87 55
87 60
87 72
87 92
42 8
42 28
42 99
8 40
8 14
8 51
8 31
28 29
28 47
40 59
40 3
40 61
55 82
55 10
99 58
99 23
99 64
58 62
60 17
60 76
59 52
29 5
29 45
29 1
47 78
47 86
78 39
78 70
39 20
72 32
52 88
52 79
52 18
52 12
52 63
5 95
5 7
88 2
88 46
88 49
88 54
62 34
82 98
14 4
51 48
51 30
17 19
17 21
2 97
61 65
61 50
20 74
20 93
48 81
48 68
18 67
18 9
18 56
18 91
86 53
86 13
30 33
19 25
19 24
98 94
33 69
21 38
31 83
1 6
64 57
46 77
67 43
69 71
69 100
38 36
9 41
71 85
49 84
94 66
94 96
92 11
10 26
65 37
32 44
66 22
37 15
97 75
41 73
13 90
83 89
44 16
11 27
50 35
84 80
