100 100
205 1
55 73
163 57
248 66
16 60
107 25
122 94
277 97
39 1
16 88
193 69
226 31
69 67
260 52
199 34
55 22
134 91
76 47
30 85
114 36
105 74
260 30
215 77
250 51
251 29
177 91
77 78
160 69
110 38
116 59
273 2
93 23
90 67
80 61
213 32
5 71
289 34
277 63
30 78
3 27
220 58
145 8
258 32
270 5
172 70
179 7
17 47
13 45
56 50
24 83
78 75
37 50
138 79
55 81
187 68
183 87
231 97
11 57
199 55
34 1
96 92
30 47
297 46
160 46
13 63
46 10
137 65
57 8
5 28
104 72
36 38
272 36
21 73
208 7
287 97
42 65
54 20
62 97
260 69
130 81
293 62
106 49
8 28
79 18
239 7
27 61
218 80
42 94
137 44
169 65
214 60
85 89
84 5
20 2
98 48
266 33
154 40
247 96
82 95
244 38
62 4
62 74
62 36
62 93
62 57
62 43
62 1
62 85
62 19
62 12
62 67
62 55
62 73
62 65
62 34
62 68
62 37
62 86
62 44
62 53
62 80
62 16
62 6
62 25
62 61
62 88
62 59
62 42
62 45
62 26
62 69
62 89
62 72
62 66
62 99
62 14
62 54
62 2
62 38
62 47
62 50
62 31
62 49
62 87
62 97
62 77
62 60
62 64
62 92
62 78
62 95
62 82
62 98
62 28
62 30
62 100
62 84
62 23
62 70
62 29
62 75
62 58
62 79
62 18
62 21
62 8
62 48
62 15
62 33
62 96
62 76
62 7
62 63
62 13
62 94
62 40
62 35
62 11
62 9
62 91
62 20
62 52
62 24
62 71
62 51
62 90
62 83
62 46
62 27
62 41
62 81
62 10
62 56
62 32
62 17
62 5
62 3
62 22
62 39
