100 100
1 82
1 34
1 62
1 44
1 43
1 64
1 38
1 1
1 5
1 11
1 58
1 91
1 66
1 74
1 41
1 30
1 19
1 92
1 22
1 2
1 21
1 65
1 41
1 84
1 92
1 77
1 8
1 79
1 62
1 80
1 68
1 62
1 81
1 25
1 3
1 6
1 2
1 99
1 39
1 54
1 48
1 78
1 34
1 44
1 96
1 82
1 51
1 50
1 40
1 49
1 83
1 50
1 31
1 72
1 71
1 45
1 35
1 66
1 5
1 7
1 27
1 11
1 5
1 76
1 52
1 55
1 25
1 34
1 75
1 32
1 84
1 1
1 98
1 8
1 53
1 21
1 81
1 62
1 96
1 3
1 74
1 42
1 57
1 90
1 80
1 92
1 50
1 62
1 96
1 1
1 47
1 74
1 35
1 93
1 37
1 21
1 55
1 86
1 7
1 89
19 30
19 26
19 51
19 18
19 3
19 99
19 96
19 8
30 29
30 33
30 54
30 47
29 77
29 28
29 17
33 27
33 65
26 91
26 92
26 20
26 60
27 85
27 55
27 13
91 98
91 71
91 43
91 63
91 32
54 68
54 44
54 79
98 31
98 5
51 86
68 97
68 48
18 100
55 83
55 90
55 24
3 39
3 74
71 72
31 73
31 61
31 59
31 93
39 4
39 94
73 6
77 95
86 66
86 46
86 56
61 84
28 16
99 42
99 34
96 14
96 89
59 88
59 23
59 12
59 22
17 87
5 21
88 35
23 38
23 53
42 40
34 82
34 36
46 58
46 2
72 10
100 41
48 50
95 62
58 9
53 15
50 7
87 81
14 45
83 11
83 75
13 64
93 80
81 69
81 1
8 52
6 25
6 67
6 57
40 76
40 70
40 37
80 49
24 78
