300 300
77 29
240 71
70 22
128 74
182 38
264 91
51 59
144 63
10 54
229 2
22 33
121 19
267 21
47 65
25 82
213 93
134 77
283 40
198 60
221 86
142 99
269 91
292 51
156 46
261 21
72 75
271 42
130 21
285 68
54 36
210 22
281 18
249 65
159 79
141 99
231 51
134 79
205 20
208 54
258 46
25 32
193 29
87 30
147 29
221 41
210 57
14 8
241 12
205 83
175 78
276 21
279 87
8 95
134 45
156 72
240 76
109 69
118 41
92 19
102 85
74 30
254 37
214 40
208 2
65 40
113 54
286 32
34 98
64 91
191 48
139 59
160 28
101 35
198 75
177 14
193 2
171 27
148 46
12 22
249 95
225 95
253 74
243 61
221 35
255 46
259 35
132 49
6 60
213 66
66 47
127 87
134 31
161 14
123 29
91 55
63 94
226 84
148 63
135 31
200 1
133 86
257 77
300 82
94 73
107 72
59 43
113 28
25 34
259 91
177 72
247 18
100 99
46 80
293 99
206 96
199 68
243 10
254 23
145 73
1 55
56 44
199 58
250 13
84 63
155 46
44 58
55 23
292 50
143 20
45 89
3 62
232 77
24 62
296 62
253 94
107 5
294 35
77 70
291 25
92 41
220 95
215 73
250 92
201 100
158 77
212 12
110 100
8 79
200 35
4 28
30 75
212 68
212 31
218 43
199 66
223 39
37 19
42 86
278 95
272 65
159 50
145 44
200 1
261 17
153 46
103 72
114 60
106 84
69 93
234 78
19 56
268 47
24 34
140 80
46 89
227 57
182 81
108 45
273 7
128 99
240 50
212 12
216 67
133 56
147 85
237 87
31 83
15 17
148 26
3 73
74 74
286 40
139 60
269 92
11 51
35 52
205 56
163 48
201 71
56 12
290 62
211 75
112 93
38 31
42 91
196 59
249 22
177 34
293 72
135 7
281 82
164 20
201 76
17 68
210 89
230 89
204 60
259 100
66 96
140 64
233 33
154 57
118 58
218 46
243 13
150 29
37 67
210 30
20 55
91 38
241 39
291 4
239 36
242 84
175 77
246 27
122 76
120 96
192 30
207 9
199 48
50 74
42 54
235 91
254 51
221 65
145 78
109 83
260 17
286 54
39 61
205 92
182 98
269 48
133 3
15 7
265 58
218 4
219 92
80 2
84 35
66 53
265 22
57 61
77 39
288 90
209 45
38 17
42 76
196 82
10 44
88 73
172 48
141 31
95 2
231 82
100 66
186 50
54 18
205 96
170 62
196 53
30 77
36 1
170 99
71 47
167 49
85 84
176 92
221 44
137 64
127 33
103 77
148 53
102 57
71 98
178 96
88 56
13 6
1 96
78 272
78 151
78 94
78 265
78 80
78 171
78 176
78 281
78 121
78 238
78 144
78 217
78 127
78 34
78 169
78 193
78 240
78 199
78 12
78 74
78 19
78 96
78 15
78 173
78 48
78 37
78 161
78 141
78 95
78 167
78 148
78 200
78 8
78 130
78 278
78 186
78 191
78 112
78 101
78 73
78 75
78 18
78 163
78 24
78 181
78 164
78 228
78 85
78 111
78 26
78 224
78 91
78 213
78 292
78 55
78 289
78 178
78 47
78 203
78 133
78 1
78 134
78 279
78 43
78 284
78 237
78 230
78 160
78 110
78 196
78 39
78 2
78 136
78 294
78 124
78 260
78 131
78 156
78 264
78 215
78 143
78 42
78 155
78 187
78 175
78 242
78 234
78 266
78 17
78 25
78 5
78 23
78 93
78 185
78 184
78 16
78 229
78 38
78 226
78 219
78 128
78 120
78 291
78 53
78 295
78 125
78 69
78 290
78 253
78 46
78 223
78 150
78 32
78 166
78 98
78 33
78 60
78 236
78 138
78 274
78 62
78 154
78 63
78 299
78 207
78 244
78 293
78 87
78 102
78 202
78 195
78 174
78 239
78 107
78 123
78 61
78 67
78 86
78 216
78 158
78 22
78 285
78 259
78 140
78 271
78 208
78 70
78 263
78 283
78 59
78 10
78 83
78 190
78 58
78 90
78 115
78 170
78 153
78 232
78 251
78 231
78 84
78 129
78 105
78 249
78 262
78 172
78 116
78 261
78 288
78 56
78 252
78 135
78 3
78 89
78 119
78 41
78 113
78 246
78 248
78 117
78 7
78 81
78 14
78 177
78 77
78 40
78 99
78 108
78 165
78 188
78 9
78 6
78 162
78 122
78 65
78 79
78 100
78 35
78 201
78 298
78 282
78 287
78 145
78 50
78 45
78 51
78 152
78 72
78 20
78 218
78 21
78 54
78 109
78 126
78 104
78 300
78 225
78 212
78 179
78 214
78 296
78 182
78 273
78 44
78 97
78 180
78 103
78 118
78 106
78 245
78 250
78 30
78 11
78 270
78 210
78 146
78 254
78 137
78 57
78 204
78 205
78 227
78 82
78 258
78 189
78 4
78 183
78 197
78 243
78 257
78 268
78 49
78 168
78 31
78 194
78 211
78 276
78 297
78 286
78 275
78 28
78 255
78 76
78 139
78 235
78 66
78 192
78 280
78 71
78 27
78 64
78 13
78 233
78 247
78 149
78 52
78 29
78 159
78 209
78 142
78 132
78 157
78 269
78 241
78 267
78 206
78 220
78 88
78 277
78 221
78 198
78 68
78 256
78 114
78 92
78 222
78 147
78 36
