100 300
174 83
239 75
39 83
282 99
265 86
264 92
76 23
177 3
68 53
32 9
163 40
232 87
185 92
105 88
203 38
35 76
65 72
228 71
119 93
259 32
63 57
191 26
261 89
41 100
159 19
3 58
226 78
96 19
253 97
194 40
37 14
142 18
225 46
1 39
59 27
88 25
176 34
47 98
132 90
187 41
168 12
91 91
200 47
174 88
58 9
201 59
146 56
102 93
96 91
275 81
203 64
151 3
178 11
59 96
292 49
59 42
210 98
260 8
289 24
281 94
191 88
130 98
190 76
175 57
278 95
92 98
224 48
280 56
7 33
271 7
10 54
114 95
114 1
267 32
225 45
131 51
243 71
125 34
178 20
174 45
96 9
161 74
231 76
290 8
74 84
183 85
246 23
34 35
48 93
279 62
287 67
51 11
163 45
116 95
84 90
156 82
61 81
184 65
50 24
143 14
53 62
53 84
62 89
62 28
62 43
62 45
62 39
62 77
62 94
62 22
89 91
89 98
28 81
28 40
28 88
28 71
28 54
28 6
43 13
43 95
43 14
43 58
43 32
81 47
81 100
40 21
40 52
40 11
45 74
45 57
45 8
39 17
21 41
21 33
71 99
17 35
17 3
17 2
13 75
13 46
95 61
95 29
41 5
91 76
91 51
54 27
99 86
99 49
47 55
47 38
14 18
14 66
6 78
84 70
84 96
77 73
77 48
74 36
74 50
52 64
52 90
52 68
18 16
98 10
98 42
73 26
73 67
73 72
73 12
35 4
10 97
36 83
42 82
42 7
16 80
80 1
80 60
97 59
97 44
78 65
67 34
11 56
56 85
64 15
64 37
32 79
15 63
76 20
50 19
19 24
3 69
85 30
65 31
65 87
8 93
8 92
93 25
92 9
2 23
