300 100
12 71
180 92
288 40
178 23
251 90
164 50
210 48
259 7
57 20
289 56
274 46
37 38
199 91
69 77
13 54
80 76
285 13
151 58
270 2
181 9
218 89
215 40
197 22
141 63
276 78
189 65
79 1
19 28
93 23
122 85
151 9
40 58
61 50
190 13
165 46
11 3
154 50
105 92
204 78
111 74
72 80
138 83
128 69
47 86
104 88
284 51
176 55
17 37
265 66
61 99
110 76
28 33
62 28
275 37
30 99
53 27
261 27
21 46
208 24
20 46
300 92
242 65
296 72
249 39
287 66
163 14
168 63
231 1
300 47
71 8
27 98
87 3
189 95
104 1
54 21
157 44
155 50
233 29
14 13
39 91
87 65
265 12
62 97
206 42
187 13
64 44
284 15
1 26
218 81
242 62
136 26
281 15
159 55
276 9
218 59
242 94
222 38
155 9
43 50
82 6
93 53
265 6
11 96
6 25
157 69
242 69
228 87
269 59
93 5
199 52
196 34
18 77
70 56
135 58
151 2
143 41
75 83
163 99
56 11
143 43
183 85
14 51
178 22
287 93
272 4
93 22
167 62
74 99
175 88
283 8
39 1
153 44
87 26
87 21
283 21
210 41
42 36
236 37
222 3
188 52
39 69
231 29
122 3
116 5
300 39
267 74
227 73
126 92
211 96
52 37
185 2
4 14
115 79
206 12
40 82
44 37
169 56
259 80
212 32
68 96
125 92
63 13
123 60
158 44
290 3
31 2
226 74
235 27
261 17
215 55
204 73
245 66
119 62
255 73
6 79
293 85
187 8
268 82
119 58
154 64
162 45
244 71
225 3
47 90
81 86
139 33
87 94
52 30
91 35
266 39
52 11
224 63
299 82
88 72
209 71
221 94
224 55
259 17
49 97
180 82
112 84
298 31
140 90
256 14
113 49
207 88
196 70
122 93
36 95
4 98
225 48
257 54
286 2
80 74
102 19
202 12
59 96
169 79
274 89
83 45
247 42
268 74
157 25
71 66
219 3
285 26
26 6
6 97
218 13
95 42
36 11
246 1
237 61
253 85
91 24
183 55
231 26
42 15
59 34
263 70
267 39
12 16
166 90
144 2
262 78
76 25
102 52
173 70
186 43
223 50
38 89
117 33
271 56
37 55
82 41
45 55
216 13
122 73
37 5
70 6
212 32
202 54
276 42
210 77
213 49
247 95
82 42
60 84
222 78
96 27
132 29
99 73
246 77
248 93
248 94
297 55
252 30
240 2
195 37
45 5
104 67
15 40
50 28
231 58
276 80
171 3
180 22
162 70
36 11
248 7
272 86
34 50
3 50
129 70
211 34
100 95
279 37
198 29
261 98
102 67
133 276
133 184
276 88
276 136
184 28
184 97
88 118
88 37
136 261
136 186
28 119
28 182
97 46
97 297
118 257
118 59
37 155
37 99
261 185
261 40
186 156
186 50
119 129
119 85
182 268
182 122
46 42
46 207
297 160
297 22
257 233
257 282
59 19
59 163
155 254
155 174
99 288
99 72
185 162
185 68
40 191
40 110
156 196
156 86
50 289
50 124
129 224
129 101
85 181
85 102
268 14
268 231
122 36
122 213
42 23
42 52
207 168
207 81
160 290
160 63
22 219
22 127
233 234
233 128
282 150
282 111
19 236
19 73
163 252
163 76
254 176
254 251
174 284
174 30
288 281
288 171
72 260
72 3
162 157
162 286
68 20
68 69
191 222
191 295
110 287
110 94
196 269
196 38
86 238
86 48
289 123
289 244
124 80
124 149
224 100
224 259
101 230
101 90
181 11
181 266
102 84
102 250
14 228
14 8
231 140
231 208
36 248
36 65
213 12
213 199
23 134
23 61
52 10
52 121
168 104
168 78
81 237
81 285
290 132
290 41
63 165
63 223
219 74
219 96
127 195
127 221
234 53
234 148
128 197
128 203
150 235
150 158
111 225
111 226
236 114
236 139
73 202
73 64
252 177
252 70
76 32
76 120
176 218
176 249
251 143
251 253
284 115
284 151
30 216
30 98
281 145
281 146
171 194
171 112
260 220
260 62
3 47
3 214
157 178
157 274
286 247
286 242
20 267
20 71
69 125
69 55
222 154
222 166
295 35
295 75
287 279
287 170
94 283
94 43
269 153
269 167
38 16
38 113
238 206
238 141
48 298
48 169
123 263
123 246
244 147
244 107
80 258
80 209
149 116
149 273
100 92
100 245
259 192
259 77
230 26
230 130
90 126
90 45
11 189
11 243
266 159
266 60
84 300
84 294
250 278
250 49
228 54
228 271
8 161
8 131
140 205
140 33
208 210
208 292
248 57
248 179
65 217
65 27
12 4
12 227
199 17
199 175
134 193
134 18
61 299
61 293
10 31
10 187
121 117
121 13
104 24
104 5
78 2
78 25
237 215
237 21
285 200
285 152
132 164
132 51
41 255
41 135
165 66
165 83
223 272
223 6
74 105
74 91
96 275
96 44
195 270
195 58
221 277
221 137
53 241
53 256
148 280
148 173
197 291
197 106
203 87
203 15
235 262
235 34
158 142
158 188
225 265
225 144
226 229
226 183
114 211
114 240
139 239
139 138
202 190
202 79
64 7
64 198
177 109
177 232
70 9
70 296
32 1
32 264
120 89
120 39
218 180
218 56
249 82
249 212
143 95
143 103
253 204
253 93
115 172
115 201
151 29
151 67
216 108
