100 300
186 1
186 42
186 26
186 97
186 11
186 92
186 22
186 90
186 87
186 40
186 99
186 93
186 9
186 98
186 56
186 89
186 5
186 51
186 19
186 82
186 10
186 69
186 29
186 21
186 34
186 86
186 88
186 16
186 27
186 47
186 4
186 46
186 35
186 44
186 10
186 45
186 69
186 86
186 9
186 15
186 100
186 84
186 38
186 41
186 79
186 34
186 91
186 90
186 34
186 95
186 66
186 42
186 74
186 3
186 5
186 8
186 74
186 40
186 34
186 91
186 14
186 11
186 80
186 56
186 30
186 87
186 29
186 58
186 5
186 31
186 22
186 77
186 62
186 47
186 7
186 63
186 69
186 14
186 72
186 62
186 73
186 58
186 62
186 52
186 79
186 68
186 6
186 13
186 30
186 88
186 14
186 85
186 92
186 2
186 78
186 96
186 21
186 95
186 49
186 72
48 10
10 7
7 65
65 23
23 33
33 93
93 43
43 80
80 86
86 36
36 9
9 24
24 4
4 70
70 59
59 66
66 17
17 90
90 16
16 6
6 25
25 35
35 81
81 87
87 30
30 83
83 21
21 32
32 40
40 73
73 12
12 95
95 8
8 68
68 26
26 58
58 94
94 42
42 18
18 56
56 85
85 45
45 74
74 51
51 37
37 39
39 92
92 96
96 57
57 49
49 100
100 11
11 29
29 34
34 14
14 5
5 22
22 44
44 3
3 84
84 79
79 64
64 88
88 28
28 31
31 54
54 98
98 72
72 52
52 19
19 15
15 99
99 75
75 50
50 13
13 47
47 69
69 71
71 1
1 41
41 55
55 62
62 61
61 53
53 78
78 76
76 77
77 46
46 60
60 82
82 20
20 89
89 27
27 91
91 2
2 63
63 67
67 97
97 38
