100 300
86 88
86 47
86 8
86 64
86 73
86 61
86 1
86 79
86 8
86 85
86 16
86 23
86 10
86 35
86 95
86 24
86 35
86 8
86 78
86 77
86 80
86 18
86 35
86 70
86 45
86 95
86 23
86 30
86 68
86 42
86 33
86 33
86 7
86 47
86 84
86 28
86 3
86 20
86 95
86 41
86 25
86 46
86 21
86 57
86 1
86 79
86 31
86 25
86 59
86 72
86 74
86 23
86 43
86 12
86 92
86 98
86 61
86 90
86 7
86 20
86 71
86 45
86 62
86 78
86 90
86 67
86 24
86 59
86 46
86 26
86 40
86 7
86 77
86 36
86 12
86 76
86 47
86 88
86 66
86 80
86 41
86 56
86 5
86 69
86 52
86 77
86 2
86 18
86 10
86 39
86 74
86 46
86 86
86 66
86 86
86 13
86 63
86 46
86 12
86 70
66 75
66 49
75 69
75 84
75 93
75 22
75 48
75 73
75 57
75 54
69 43
69 59
84 58
84 51
84 65
84 88
84 12
84 78
93 89
93 85
93 81
93 74
93 9
58 53
58 61
51 33
51 37
51 40
22 44
22 97
22 98
48 86
33 17
33 1
88 38
86 5
86 46
86 16
89 4
89 39
85 45
85 30
17 83
43 34
43 52
12 68
38 47
38 13
53 23
53 50
81 82
81 60
78 10
49 32
49 56
73 6
73 42
44 27
44 77
37 91
37 31
37 26
82 76
59 67
59 99
6 95
6 71
6 24
6 55
5 15
67 3
27 41
99 94
99 36
76 64
64 28
64 18
3 90
3 72
10 25
71 100
40 21
21 92
91 19
91 11
9 14
19 29
34 62
77 80
80 35
46 96
92 79
25 2
25 7
98 87
98 70
87 20
70 8
16 63
