100 100
197 88
221 80
270 13
289 31
220 37
196 43
97 40
224 36
33 9
115 83
113 97
285 98
180 93
207 95
9 94
109 66
127 85
48 40
289 8
207 87
51 72
41 20
170 6
14 78
74 65
240 23
160 40
9 75
214 98
193 84
115 25
102 27
137 39
113 37
216 14
65 96
191 90
117 65
211 24
64 87
61 1
22 15
296 61
147 95
116 86
8 77
161 78
294 99
273 41
282 90
68 19
81 76
193 63
26 41
224 61
231 8
84 54
148 57
158 85
88 16
30 89
115 48
192 19
149 55
66 1
4 11
124 57
22 98
60 70
296 68
51 80
170 88
81 65
169 60
206 43
78 19
3 40
76 79
220 66
269 66
66 34
276 97
140 58
259 63
136 98
95 73
239 57
147 69
208 41
41 95
91 92
18 56
17 16
253 3
100 35
178 55
279 80
241 90
25 3
225 40
35 75
75 33
33 86
86 58
58 62
62 68
68 53
53 85
85 46
46 30
30 71
71 93
93 4
4 6
6 18
18 94
94 57
57 61
61 26
26 28
28 8
8 51
51 87
87 100
100 48
48 55
55 80
80 77
77 42
42 44
44 82
82 37
37 50
50 96
96 29
29 91
91 17
17 34
34 31
31 88
88 9
9 1
1 56
56 39
39 20
20 54
54 74
74 40
40 3
3 98
98 69
69 12
12 41
41 7
7 38
38 64
64 22
22 11
11 95
95 79
79 90
90 76
76 27
27 47
47 19
19 67
67 2
2 97
97 81
81 16
16 65
65 45
45 32
32 36
36 14
14 43
43 25
25 70
70 78
78 24
24 99
99 60
60 63
63 13
13 23
23 10
10 5
5 59
59 66
66 72
72 84
84 15
15 52
52 83
83 73
73 49
49 89
89 92
92 21
