300 100
143 21
255 10
32 82
223 4
142 28
146 2
54 78
169 4
212 89
28 61
50 82
154 43
277 41
87 85
296 9
240 17
80 85
87 99
282 24
208 41
26 46
193 100
39 16
60 36
79 66
11 56
144 58
225 68
286 19
274 29
115 16
264 64
234 60
282 12
8 9
2 95
39 12
78 69
213 97
43 95
150 39
58 49
48 28
93 13
89 93
16 19
239 79
11 39
39 41
133 5
6 46
256 73
244 85
190 11
49 47
130 41
139 98
150 75
275 16
240 70
293 64
189 31
257 47
22 28
266 65
87 91
133 9
228 44
202 82
106 92
102 5
174 54
85 43
225 9
206 12
193 94
273 89
262 44
285 16
35 94
58 27
210 12
295 26
106 11
300 55
271 37
155 78
165 36
36 6
255 3
157 63
10 98
195 26
187 10
99 81
264 38
152 58
135 75
157 86
185 45
289 69
276 94
22 12
236 70
250 24
215 82
118 70
34 78
166 98
140 90
112 81
222 28
158 44
120 79
231 75
241 62
170 9
172 59
37 1
60 71
226 63
80 65
43 38
106 1
267 98
226 86
240 4
292 7
189 100
65 70
265 23
224 48
77 58
250 53
59 46
104 90
166 61
121 65
95 55
182 35
50 80
101 4
31 69
239 27
210 54
109 67
178 97
212 67
109 65
290 4
274 49
157 78
251 59
136 56
14 44
79 12
138 93
241 87
127 65
256 7
60 96
115 79
271 56
263 26
84 39
285 78
116 4
205 21
161 1
234 53
127 6
145 19
23 42
198 71
238 18
267 7
41 62
235 43
242 19
111 79
12 66
293 17
217 24
244 19
61 86
187 39
263 47
174 55
126 50
96 45
265 30
92 77
49 90
153 43
282 45
127 45
237 40
221 91
166 85
152 61
169 83
19 4
188 80
265 77
19 44
228 45
3 63
98 86
294 77
213 29
35 72
72 69
209 56
65 12
198 54
50 87
121 73
269 28
159 92
249 80
230 20
100 69
115 85
38 17
6 96
190 83
231 89
121 54
260 27
176 91
130 56
38 62
85 92
12 82
251 37
128 63
240 73
153 5
208 7
154 35
248 63
4 98
256 79
238 98
266 11
247 74
182 34
208 92
204 60
263 56
92 93
223 7
232 77
12 64
182 96
83 49
39 55
142 85
178 63
116 83
83 61
9 8
82 75
116 16
7 47
253 52
53 1
192 50
95 78
91 78
129 30
225 56
167 13
166 41
127 50
29 84
101 13
139 90
78 88
197 82
85 4
179 23
264 14
61 16
60 2
126 62
103 13
62 31
99 92
117 23
12 74
260 58
12 1
118 1
129 92
266 41
28 59
292 10
238 60
11 12
120 253
120 158
120 299
120 242
120 225
120 277
120 202
120 238
120 57
120 184
120 164
120 279
120 176
120 114
120 2
120 69
120 155
120 100
120 72
120 265
120 108
120 48
120 222
120 175
120 119
120 143
120 212
120 197
120 141
120 199
120 129
120 211
120 223
120 35
120 267
120 283
120 84
120 207
120 49
120 244
120 6
120 5
120 81
120 157
120 191
120 67
120 24
120 261
120 216
120 170
120 204
120 177
120 58
120 142
120 161
120 200
120 266
120 96
120 60
120 31
120 53
120 20
120 246
120 34
120 224
120 214
120 264
120 118
120 280
120 300
120 165
120 126
120 287
120 26
120 295
120 291
120 50
120 249
120 125
120 110
120 97
120 298
120 221
120 103
120 213
120 133
120 22
120 86
120 73
120 282
120 217
120 140
120 163
120 83
120 4
120 181
120 90
120 87
120 218
120 245
120 272
120 76
120 113
120 284
120 278
120 263
120 196
120 63
120 41
120 123
120 193
120 171
120 150
120 136
120 25
120 234
120 208
120 201
120 56
120 286
120 66
120 78
120 70
120 61
120 15
120 178
120 54
120 159
120 240
120 229
120 128
120 1
120 174
120 220
120 94
120 173
120 92
120 106
120 11
120 46
120 189
120 271
120 59
120 10
120 289
120 127
120 144
120 168
120 115
120 231
120 203
120 79
120 198
120 179
120 255
120 149
120 30
120 8
120 160
120 105
120 162
120 148
120 274
120 257
120 112
120 151
120 294
120 153
120 258
120 228
120 293
120 254
120 256
120 186
120 131
120 147
120 101
120 93
120 156
120 139
120 145
120 247
120 146
120 64
120 47
120 169
120 273
120 117
120 29
120 248
120 233
120 88
120 135
120 109
120 52
120 43
120 152
120 12
120 187
120 45
120 194
120 259
120 98
120 250
120 132
120 32
120 77
120 122
120 3
120 185
120 209
120 296
120 188
120 275
120 80
120 18
120 226
120 205
120 182
120 13
120 17
120 121
120 154
120 89
120 241
120 134
120 85
120 104
120 192
120 74
120 183
120 276
120 285
120 99
120 252
120 190
120 230
120 95
120 21
120 166
120 130
120 215
120 235
120 219
120 9
120 42
120 14
120 27
120 297
120 39
120 28
120 71
120 210
120 75
120 37
120 232
120 38
120 33
120 288
120 195
120 55
120 227
120 262
120 124
120 167
120 138
120 180
120 116
120 16
120 206
120 44
120 68
120 65
120 251
120 172
120 137
120 51
120 260
120 40
120 82
120 239
120 36
120 7
120 292
120 62
120 243
120 107
120 268
120 236
120 269
120 23
120 91
120 19
120 111
120 237
120 281
120 270
120 290
120 102
