100 100
63 23
63 65
63 3
63 50
63 44
63 62
63 95
63 99
63 4
63 74
63 83
63 79
63 72
63 52
63 19
63 82
63 29
63 59
63 93
63 97
63 52
63 38
63 33
63 37
63 9
63 17
63 57
63 29
63 85
63 3
63 9
63 58
63 61
63 28
63 4
63 74
63 10
63 81
63 84
63 69
63 67
63 19
63 19
63 50
63 74
63 48
63 85
63 23
63 17
63 58
63 32
63 91
63 64
63 23
63 86
63 38
63 64
63 53
63 8
63 85
63 54
63 11
63 3
63 17
63 82
63 43
63 87
63 44
63 35
63 95
63 100
63 10
63 14
63 88
63 66
63 92
63 94
63 77
63 5
63 46
63 33
63 71
63 61
63 33
63 27
63 48
63 20
63 67
63 90
63 64
63 12
63 3
63 48
63 60
63 33
63 100
63 65
63 90
63 47
63 35
80 59
80 17
80 8
80 74
80 76
80 6
80 22
80 42
59 10
59 71
59 72
59 41
10 46
10 18
10 69
71 98
71 84
17 25
17 63
17 51
17 70
98 81
98 40
98 14
25 15
25 50
25 4
25 16
25 35
72 36
72 79
72 26
15 97
15 44
8 66
36 11
36 29
74 78
40 39
40 54
40 58
76 87
76 12
50 32
97 19
97 92
97 82
97 95
87 90
87 53
19 73
46 20
66 77
66 47
66 83
92 13
18 62
6 2
6 31
22 94
22 33
82 30
82 100
82 27
82 28
69 52
44 64
30 3
100 96
100 57
2 91
31 65
31 23
47 45
47 49
32 9
78 67
29 43
20 85
45 89
57 5
43 34
52 88
94 37
39 93
39 55
14 75
95 24
88 21
88 68
42 99
73 86
73 7
73 1
91 48
91 60
91 56
24 61
58 38
