300 300
1 83
1 97
1 67
1 93
1 2
1 34
1 80
1 13
1 75
1 40
1 67
1 82
1 6
1 33
1 7
1 94
1 33
1 31
1 96
1 16
1 99
1 1
1 53
1 99
1 76
1 47
1 59
1 46
1 51
1 48
1 45
1 82
1 51
1 58
1 62
1 87
1 97
1 75
1 10
1 50
1 56
1 67
1 72
1 84
1 49
1 8
1 44
1 15
1 95
1 77
1 19
1 24
1 60
1 76
1 88
1 4
1 2
1 6
1 38
1 97
1 33
1 71
1 67
1 10
1 30
1 90
1 37
1 47
1 53
1 34
1 11
1 3
1 91
1 40
1 9
1 67
1 75
1 10
1 66
1 32
1 91
1 64
1 77
1 85
1 16
1 76
1 18
1 25
1 27
1 72
1 50
1 84
1 4
1 58
1 30
1 50
1 34
1 2
1 69
1 17
1 18
1 36
1 3
1 11
1 31
1 90
1 12
1 47
1 93
1 93
1 61
1 65
1 37
1 72
1 97
1 2
1 24
1 24
1 62
1 47
1 36
1 5
1 54
1 29
1 22
1 1
1 9
1 67
1 11
1 23
1 92
1 60
1 2
1 92
1 41
1 59
1 60
1 81
1 38
1 16
1 98
1 72
1 60
1 69
1 32
1 23
1 93
1 24
1 56
1 27
1 24
1 26
1 15
1 84
1 32
1 98
1 24
1 96
1 33
1 35
1 100
1 7
1 95
1 56
1 80
1 40
1 16
1 60
1 18
1 47
1 92
1 70
1 76
1 55
1 57
1 57
1 41
1 46
1 80
1 67
1 39
1 85
1 93
1 62
1 38
1 10
1 78
1 68
1 100
1 45
1 41
1 17
1 32
1 80
1 15
1 54
1 96
1 100
1 88
1 21
1 94
1 96
1 28
1 88
1 19
1 42
1 52
1 54
1 9
1 62
1 99
1 39
1 73
1 6
1 49
1 82
1 6
1 84
1 70
1 14
1 49
1 6
1 5
1 88
1 37
1 12
1 67
1 96
1 14
1 17
1 90
1 34
1 16
1 65
1 8
1 50
1 81
1 9
1 81
1 78
1 43
1 99
1 63
1 45
1 24
1 98
1 87
1 94
1 96
1 38
1 95
1 50
1 42
1 16
1 34
1 47
1 93
1 24
1 6
1 64
1 64
1 54
1 78
1 17
1 76
1 64
1 46
1 96
1 72
1 51
1 15
1 66
1 14
1 2
1 56
1 73
1 68
1 80
1 70
1 75
1 5
1 82
1 23
1 63
1 25
1 87
1 64
1 24
1 23
1 76
1 100
1 56
1 12
1 22
1 83
1 46
1 93
1 41
1 52
1 14
62 207
62 233
62 161
62 156
62 217
62 282
62 255
62 39
207 115
207 75
207 277
207 265
207 258
233 211
233 2
233 40
233 256
233 225
233 214
161 186
161 227
161 3
161 178
161 83
161 140
161 226
75 128
75 177
75 288
75 124
75 110
211 82
211 223
186 119
186 296
186 164
227 101
227 246
227 189
2 21
2 192
2 160
2 9
2 262
119 230
119 95
119 272
230 299
95 203
95 204
95 138
128 180
128 8
128 147
101 286
101 97
101 111
156 73
156 174
156 298
156 143
156 224
73 20
73 17
73 55
73 125
40 98
40 145
40 70
40 32
40 292
177 195
177 26
177 130
177 259
177 193
286 232
286 53
286 93
286 92
286 293
180 235
180 280
195 266
195 273
195 56
195 102
232 162
232 78
232 257
232 141
232 112
21 36
21 146
21 84
217 151
217 134
217 34
217 202
217 131
36 60
36 85
36 185
98 170
98 106
20 42
282 33
282 221
282 155
33 54
33 69
266 208
54 135
97 285
97 1
97 57
277 123
277 61
111 187
285 47
285 171
256 76
256 116
256 30
256 127
256 201
256 65
256 190
151 144
151 23
60 99
60 5
208 300
208 269
208 268
116 283
47 222
145 167
1 126
265 87
265 148
8 253
53 133
30 113
30 67
170 243
170 46
170 142
170 242
113 263
113 182
192 4
70 72
70 240
70 35
134 31
235 118
235 13
32 71
133 260
93 166
93 287
214 43
34 25
34 289
34 231
260 94
260 197
260 169
255 157
87 181
127 159
127 295
94 74
17 91
17 275
146 264
146 48
160 27
160 250
160 52
174 96
174 165
67 279
292 121
292 12
91 7
26 173
197 153
197 63
197 247
3 205
3 129
3 267
3 168
166 237
31 149
31 66
31 58
264 245
82 29
202 10
202 251
169 24
169 81
121 89
124 59
124 6
48 38
299 14
299 183
299 220
59 238
59 213
59 163
9 234
187 239
187 28
243 88
243 122
243 107
135 254
129 18
129 278
131 172
39 16
42 229
298 284
130 249
130 198
293 248
293 194
149 90
149 103
89 49
249 241
118 176
118 261
272 212
204 244
204 19
204 79
7 132
12 175
66 64
14 108
172 50
125 44
125 80
57 120
239 199
157 290
244 154
178 86
178 196
178 228
178 117
189 209
46 297
46 100
198 271
143 114
18 210
18 219
148 291
120 41
120 77
238 200
238 51
106 104
168 45
56 11
183 215
86 274
213 236
247 276
173 206
71 188
114 191
194 216
194 22
141 270
240 184
163 179
163 294
200 136
200 150
212 139
10 15
190 218
190 152
51 109
49 68
49 37
49 105
251 137
223 252
100 158
215 281
