100 10
1 6
1 50
1 35
1 30
1 15
1 27
1 92
1 14
1 2
1 81
1 49
1 69
1 81
1 51
1 82
1 34
1 32
1 69
1 51
1 91
1 1
1 43
1 45
1 92
1 87
1 33
1 12
1 90
1 90
1 37
1 68
1 1
1 47
1 78
1 91
1 70
1 91
1 19
1 90
1 69
1 1
1 99
1 66
1 18
1 31
1 94
1 95
1 84
1 61
1 100
1 93
1 10
1 96
1 68
1 4
1 68
1 63
1 92
1 64
1 82
1 14
1 26
1 56
1 73
1 25
1 15
1 89
1 3
1 28
1 15
1 20
1 88
1 94
1 18
1 10
1 11
1 62
1 42
1 1
1 99
1 87
1 28
1 37
1 83
1 46
1 29
1 30
1 11
1 98
1 89
1 50
1 68
1 15
1 90
1 56
1 69
1 11
1 48
1 75
1 49
16 23
23 27
27 40
40 100
100 29
29 76
76 45
45 31
31 32
32 34
34 84
84 48
48 18
18 77
77 87
87 46
46 2
2 70
70 35
35 21
21 52
52 24
24 69
69 14
14 59
59 97
97 37
37 60
60 74
74 30
30 11
11 44
44 13
13 4
4 82
82 49
49 83
83 43
43 86
86 64
64 95
95 73
73 15
15 68
68 55
55 99
99 81
81 28
28 94
94 12
12 91
91 54
54 79
79 72
72 10
10 88
88 53
53 25
25 50
50 20
20 89
89 41
41 90
90 6
6 75
75 8
8 96
96 3
3 36
36 51
51 80
80 62
62 38
38 93
93 92
92 67
67 78
78 17
17 7
7 9
9 39
39 33
33 47
47 85
85 1
1 22
22 61
61 58
58 56
56 5
5 57
57 65
65 66
66 71
71 19
19 42
42 63
63 98
98 26
