100 100
30 27
30 38
30 29
30 84
30 82
30 10
30 79
30 50
30 90
30 99
30 95
30 97
30 62
30 37
30 15
30 88
30 20
30 38
30 76
30 53
30 21
30 73
30 80
30 90
30 91
30 4
30 9
30 99
30 85
30 1
30 82
30 3
30 67
30 52
30 48
30 31
30 99
30 90
30 20
30 79
30 98
30 62
30 96
30 34
30 99
30 1
30 21
30 64
30 85
30 34
30 67
30 96
30 49
30 16
30 88
30 37
30 86
30 2
30 7
30 42
30 44
30 16
30 12
30 79
30 20
30 25
30 70
30 89
30 77
30 71
30 28
30 62
30 53
30 96
30 40
30 7
30 5
30 92
30 84
30 95
30 6
30 25
30 52
30 57
30 59
30 20
30 77
30 39
30 60
30 75
30 37
30 54
30 18
30 57
30 88
30 82
30 1
30 52
30 2
30 72
67 45
45 47
47 2
2 28
28 34
34 16
16 24
24 76
76 37
37 73
73 27
27 54
54 36
36 61
61 19
19 8
8 11
11 4
4 68
68 40
40 65
65 99
99 70
70 7
7 96
96 77
77 72
72 38
38 60
60 83
83 5
5 41
41 75
75 29
29 94
94 49
49 1
1 17
17 57
57 69
69 3
3 46
46 56
56 62
62 90
90 20
20 10
10 55
55 9
9 100
100 43
43 89
89 15
15 71
71 79
79 74
74 86
86 85
85 59
59 51
51 42
42 39
39 12
12 95
95 33
33 93
93 78
78 48
48 23
23 44
44 22
22 13
13 80
80 63
63 58
58 21
21 53
53 92
92 88
88 31
31 18
18 30
30 52
52 32
32 66
66 35
35 87
87 97
97 6
6 26
26 98
98 64
64 50
50 82
82 91
91 14
14 81
81 84
84 25
