100 10
8 8
8 55
8 91
8 3
8 18
8 63
8 14
8 58
8 98
8 74
8 14
8 82
8 8
8 37
8 26
8 6
8 76
8 93
8 47
8 57
8 16
8 42
8 96
8 91
8 38
8 34
8 33
8 52
8 14
8 40
8 1
8 42
8 36
8 97
8 60
8 3
8 20
8 34
8 23
8 61
8 50
8 17
8 98
8 28
8 20
8 53
8 76
8 1
8 78
8 99
8 3
8 95
8 84
8 52
8 92
8 43
8 56
8 5
8 65
8 40
8 35
8 6
8 12
8 71
8 31
8 56
8 14
8 96
8 33
8 70
8 88
8 44
8 46
8 91
8 94
8 29
8 21
8 2
8 79
8 50
8 64
8 86
8 57
8 6
8 65
8 9
8 19
8 39
8 6
8 53
8 88
8 57
8 69
8 62
8 67
8 37
8 29
8 94
8 15
8 53
14 96
14 68
96 72
96 98
68 51
68 76
72 27
72 11
98 77
98 2
51 67
51 34
76 19
76 10
27 45
27 21
11 33
11 36
77 43
77 5
2 28
2 78
67 73
67 22
34 12
34 62
19 47
19 80
10 20
10 8
45 49
45 58
21 92
21 42
33 30
33 52
36 55
36 15
43 17
43 66
5 26
5 60
28 39
28 38
78 69
78 70
73 31
73 37
22 85
22 16
12 13
12 40
62 61
62 100
47 81
47 87
80 97
80 59
20 29
20 9
8 99
8 63
49 64
49 79
58 44
58 3
92 46
92 82
42 83
42 74
30 75
30 65
52 86
52 89
55 94
55 25
15 56
15 41
17 35
17 24
66 53
66 84
26 23
26 95
60 7
60 18
39 1
39 91
38 90
38 4
69 93
69 88
70 6
70 54
31 71
31 50
37 32
37 48
85 57
