100 10
3 58
3 85
3 48
3 32
3 40
3 48
3 15
3 82
3 11
3 71
3 77
3 30
3 34
3 17
3 18
3 82
3 70
3 55
3 87
3 32
3 39
3 47
3 47
3 55
3 7
3 3
3 38
3 96
3 69
3 50
3 66
3 79
3 87
3 12
3 66
3 90
3 79
3 53
3 14
3 54
3 100
3 44
3 66
3 55
3 33
3 68
3 32
3 88
3 34
3 51
3 100
3 12
3 90
3 98
3 2
3 57
3 67
3 6
3 63
3 14
3 96
3 14
3 39
3 74
3 34
3 50
3 44
3 9
3 44
3 77
3 98
3 69
3 77
3 66
3 25
3 49
3 100
3 62
3 26
3 84
3 52
3 35
3 12
3 41
3 91
3 89
3 48
3 8
3 80
3 84
3 39
3 92
3 85
3 95
3 67
3 91
3 38
3 52
3 53
3 87
98 63
98 27
98 90
98 47
98 74
98 95
98 4
98 46
98 9
98 73
98 81
98 15
98 70
98 12
98 84
98 61
98 40
98 53
98 76
98 56
98 62
98 42
98 88
98 54
98 11
98 92
98 35
98 17
98 30
98 38
98 75
98 36
98 85
98 41
98 6
98 34
98 64
98 69
98 49
98 77
98 13
98 25
98 93
98 86
98 71
98 89
98 19
98 91
98 87
98 58
98 5
98 2
98 52
98 51
98 3
98 18
98 50
98 43
98 79
98 16
98 67
98 55
98 28
98 48
98 10
98 37
98 78
98 33
98 97
98 22
98 45
98 82
98 65
98 29
98 68
98 80
98 14
98 100
98 23
98 20
98 83
98 31
98 44
98 26
98 60
98 59
98 39
98 96
98 66
98 1
98 7
98 21
98 99
98 32
98 57
98 94
98 72
98 24
98 8
