300 10
193 55
163 3
14 97
285 42
73 22
251 9
29 89
84 2
295 66
228 54
108 25
167 65
225 9
17 24
78 1
42 89
17 50
16 80
181 14
282 15
214 98
148 66
50 60
202 47
249 89
211 34
276 27
17 75
219 31
4 6
165 3
54 68
252 84
83 91
143 13
15 94
103 67
37 2
222 69
50 65
57 21
27 22
238 21
115 91
79 93
188 55
16 62
259 78
297 11
198 36
206 93
130 35
128 63
86 68
221 21
195 62
202 97
204 70
268 48
30 23
127 37
199 19
97 65
97 26
187 24
18 18
286 49
107 13
12 47
261 45
57 28
221 45
213 6
184 55
114 76
9 65
252 42
275 2
144 84
156 5
223 22
69 9
160 23
131 81
262 55
155 77
148 77
238 68
17 30
129 76
215 28
106 20
1 33
87 93
284 4
103 90
134 90
40 49
283 55
180 41
167 83
242 88
143 12
45 22
149 38
196 74
65 22
52 67
61 4
17 97
292 30
177 67
221 26
60 11
293 86
237 14
240 30
209 87
231 52
4 10
5 77
160 55
211 3
38 6
166 23
173 93
6 28
73 38
64 44
134 20
101 95
40 76
186 71
181 19
229 72
37 96
71 78
113 52
188 97
228 53
189 12
41 51
196 32
74 92
221 14
128 28
97 14
143 29
51 29
258 100
288 94
205 80
40 8
98 18
36 54
269 47
289 65
290 57
208 42
270 15
50 57
132 68
58 18
114 52
113 94
65 35
188 41
198 74
76 88
82 73
43 85
44 96
140 70
70 34
274 7
177 64
21 50
235 34
146 10
47 63
44 30
167 53
226 35
214 83
116 54
219 41
143 39
191 84
266 71
73 60
130 2
217 87
171 87
102 95
95 52
32 2
205 77
174 72
98 12
274 2
240 93
27 9
42 65
27 3
183 67
3 68
87 49
227 15
85 25
297 88
231 62
154 44
204 47
13 10
217 91
28 66
196 13
11 40
46 44
146 2
192 80
259 70
210 76
67 50
231 3
15 81
86 7
246 64
285 39
1 54
174 75
160 2
167 36
249 94
13 9
186 67
166 14
1 57
145 92
265 38
275 17
222 52
69 12
174 45
41 30
287 28
283 63
274 64
138 89
109 76
236 31
186 52
37 65
76 52
72 3
21 13
300 50
154 82
68 79
121 27
120 48
118 58
202 21
23 70
15 96
113 2
126 51
169 69
61 36
230 23
287 87
142 80
214 24
81 31
5 27
97 36
54 77
164 86
140 8
20 95
235 71
64 93
144 7
161 53
12 7
147 100
8 43
243 92
169 76
16 68
287 22
287 13
38 55
119 32
245 17
174 13
170 90
26 61
105 98
12 56
26 260
26 293
26 66
260 275
260 41
260 212
260 196
260 244
275 290
275 203
275 207
275 108
275 1
275 269
275 10
275 154
275 91
290 127
290 88
290 214
290 50
290 189
290 215
127 155
127 38
127 14
127 288
203 284
203 24
203 162
88 104
88 100
88 29
104 48
284 170
284 226
284 78
284 272
284 193
284 277
24 149
24 227
24 176
24 190
24 39
214 20
214 280
214 258
214 89
20 231
170 44
170 109
170 16
170 233
170 282
149 18
149 171
227 222
227 142
227 152
44 118
44 59
44 273
41 77
41 256
41 146
41 32
41 150
212 115
212 135
212 184
176 35
176 42
176 296
109 267
109 160
109 197
109 84
115 174
115 264
115 295
115 128
115 161
115 156
174 147
162 247
222 172
222 80
50 245
50 67
50 220
50 45
50 204
16 238
16 99
16 63
280 263
280 242
263 107
190 125
190 168
190 250
190 140
207 221
207 111
142 137
142 239
267 279
267 106
267 268
267 283
267 232
267 68
267 237
267 98
155 294
155 179
155 266
135 134
135 254
108 165
108 5
238 139
238 224
238 121
279 166
221 291
221 15
233 126
233 73
233 62
35 248
100 51
100 102
100 192
100 298
134 285
134 113
134 101
125 105
125 141
125 257
285 259
285 255
285 72
293 52
293 219
245 287
282 297
137 43
106 6
106 90
139 60
139 261
6 76
6 286
6 117
51 74
51 276
147 218
147 299
147 103
1 129
1 123
118 94
118 75
226 64
259 83
76 122
294 58
242 55
242 65
166 278
166 205
58 70
58 23
286 57
286 116
287 31
258 270
258 92
57 136
126 40
38 13
255 195
255 82
255 208
255 169
89 181
89 34
264 36
72 130
268 119
78 246
78 12
295 229
295 228
94 186
94 213
186 157
186 210
102 87
102 225
102 8
102 183
73 56
87 236
168 96
283 93
231 120
278 97
278 216
43 235
43 173
43 53
43 86
67 33
67 19
128 206
225 54
206 124
206 4
206 30
113 158
74 191
220 211
220 175
266 7
232 223
232 133
33 9
10 112
297 81
297 180
36 265
55 251
196 274
270 289
270 243
211 114
211 11
130 61
130 159
93 143
195 69
112 300
48 138
64 163
251 199
124 241
165 28
243 177
243 281
92 253
92 292
15 252
15 230
56 262
56 85
56 17
218 178
218 27
262 46
262 194
31 151
178 144
205 3
205 185
173 167
173 164
248 153
97 271
253 201
154 95
241 71
95 47
9 182
9 202
191 148
46 131
83 240
83 217
12 49
167 200
152 2
184 249
197 21
140 188
40 25
61 79
188 145
3 209
69 37
249 22
271 132
175 110
37 187
116 198
101 234
