100 100
28 37
28 81
28 64
28 66
28 52
28 53
28 65
28 43
28 2
28 76
28 95
28 95
28 37
28 12
28 78
28 81
28 36
28 65
28 100
28 85
28 60
28 2
28 18
28 84
28 78
28 45
28 72
28 87
28 13
28 11
28 92
28 62
28 15
28 57
28 42
28 98
28 47
28 91
28 81
28 50
28 71
28 51
28 97
28 6
28 97
28 9
28 65
28 28
28 5
28 8
28 48
28 87
28 93
28 6
28 90
28 57
28 20
28 51
28 24
28 85
28 52
28 77
28 24
28 63
28 6
28 11
28 19
28 79
28 46
28 55
28 55
28 34
28 61
28 15
28 86
28 70
28 38
28 92
28 89
28 66
28 70
28 48
28 67
28 10
28 95
28 87
28 54
28 98
28 4
28 17
28 50
28 82
28 2
28 56
28 2
28 63
28 80
28 46
28 55
28 22
19 39
19 49
39 53
39 36
49 35
49 40
53 32
53 92
36 20
36 2
35 65
35 62
40 64
40 96
32 74
32 24
92 28
92 33
20 41
20 15
2 10
2 11
65 99
65 17
62 93
62 21
64 56
64 77
96 5
96 16
74 37
74 97
24 68
24 8
28 14
28 51
33 80
33 73
41 52
41 84
15 27
15 12
10 58
10 71
11 81
11 23
99 55
99 47
17 29
17 1
93 72
93 98
21 67
21 88
56 25
56 59
77 44
77 46
5 60
5 83
16 90
16 79
37 87
37 69
97 3
97 63
68 43
68 34
8 76
8 31
14 70
14 48
51 61
51 26
80 7
80 89
73 95
73 75
52 6
52 82
84 57
84 78
27 94
27 13
12 4
12 18
58 42
58 9
71 54
71 85
81 45
81 30
23 66
23 50
55 100
55 22
47 38
47 91
29 86
