300 300
1 64
1 66
1 7
1 41
1 57
1 69
1 90
1 19
1 14
1 77
1 48
1 50
1 58
1 97
1 82
1 98
1 9
1 46
1 85
1 39
1 28
1 57
1 87
1 40
1 100
1 48
1 100
1 62
1 32
1 23
1 100
1 41
1 41
1 22
1 74
1 29
1 60
1 98
1 19
1 62
1 56
1 28
1 91
1 31
1 18
1 43
1 55
1 14
1 20
1 63
1 2
1 5
1 43
1 45
1 88
1 12
1 77
1 64
1 22
1 36
1 35
1 53
1 48
1 3
1 99
1 8
1 26
1 95
1 51
1 88
1 18
1 25
1 100
1 46
1 69
1 64
1 62
1 91
1 13
1 86
1 75
1 99
1 91
1 54
1 100
1 18
1 85
1 38
1 25
1 71
1 54
1 62
1 97
1 88
1 1
1 18
1 99
1 59
1 26
1 30
1 59
1 77
1 15
1 63
1 57
1 26
1 9
1 32
1 7
1 18
1 51
1 95
1 80
1 30
1 89
1 50
1 7
1 49
1 27
1 15
1 26
1 50
1 17
1 77
1 60
1 63
1 50
1 97
1 20
1 87
1 88
1 89
1 31
1 14
1 58
1 45
1 59
1 29
1 46
1 43
1 70
1 83
1 32
1 84
1 53
1 41
1 6
1 21
1 20
1 86
1 34
1 84
1 6
1 78
1 30
1 13
1 87
1 31
1 20
1 8
1 49
1 79
1 19
1 96
1 95
1 4
1 52
1 71
1 98
1 29
1 36
1 55
1 61
1 41
1 39
1 75
1 99
1 86
1 24
1 45
1 37
1 100
1 42
1 31
1 23
1 38
1 89
1 86
1 17
1 38
1 70
1 2
1 62
1 90
1 65
1 93
1 47
1 41
1 59
1 86
1 42
1 83
1 1
1 41
1 26
1 44
1 32
1 56
1 57
1 2
1 92
1 55
1 63
1 54
1 95
1 99
1 96
1 44
1 36
1 14
1 23
1 28
1 80
1 1
1 17
1 95
1 13
1 78
1 89
1 32
1 63
1 45
1 16
1 38
1 68
1 75
1 31
1 36
1 63
1 27
1 54
1 21
1 54
1 45
1 32
1 7
1 58
1 18
1 20
1 61
1 61
1 6
1 53
1 41
1 67
1 20
1 34
1 70
1 73
1 44
1 61
1 10
1 16
1 60
1 42
1 6
1 87
1 99
1 21
1 29
1 67
1 62
1 1
1 20
1 93
1 62
1 95
1 17
1 29
1 28
1 54
1 92
1 53
1 70
1 33
1 51
1 82
1 95
1 98
1 67
1 96
1 48
1 7
1 59
1 54
1 67
1 49
1 43
1 23
1 10
14 187
187 200
200 236
236 109
109 122
122 107
107 190
190 240
240 89
89 165
165 142
142 65
65 124
124 172
172 286
286 112
112 244
244 191
191 215
215 5
5 208
208 273
273 232
232 138
138 132
132 228
228 241
241 110
110 123
123 72
72 291
291 272
272 55
55 175
175 129
129 277
277 257
257 69
69 91
91 176
176 249
249 217
217 252
252 234
234 185
185 268
268 141
141 59
59 174
174 160
160 50
50 64
64 38
38 163
163 126
126 100
100 9
9 43
43 233
233 211
211 111
111 179
179 120
120 181
181 219
219 166
166 269
269 161
161 153
153 106
106 20
20 158
158 178
178 146
146 56
56 300
300 35
35 80
80 73
73 93
93 207
207 274
274 239
239 85
85 223
223 157
157 97
97 7
7 278
278 104
104 182
182 13
13 88
88 237
237 246
246 250
250 251
251 170
170 224
224 296
296 254
254 26
26 10
10 128
128 202
202 4
4 74
74 63
63 288
288 199
199 154
154 24
24 156
156 46
46 227
227 134
134 213
213 183
183 87
87 11
11 90
90 92
92 173
173 8
8 284
284 235
235 214
214 137
137 48
48 195
195 2
2 78
78 164
164 265
265 289
289 22
22 143
143 130
130 18
18 290
290 283
283 12
12 6
6 40
40 70
70 1
1 49
49 222
222 155
155 212
212 261
261 61
61 28
28 253
253 133
133 231
231 33
33 218
218 135
135 101
101 125
125 79
79 42
42 108
108 60
60 197
197 67
67 184
184 242
242 95
95 51
51 180
180 260
260 255
255 247
247 151
151 243
243 220
220 41
41 248
248 264
264 115
115 82
82 262
262 162
162 198
198 168
168 294
294 230
230 47
47 196
196 113
113 52
52 192
192 83
83 58
58 293
293 105
105 287
287 32
32 39
39 152
152 150
150 102
102 75
75 140
140 270
270 194
194 71
71 266
266 53
53 96
96 68
68 205
205 177
177 98
98 188
188 57
57 15
15 54
54 171
171 3
3 94
94 29
29 139
139 281
281 206
206 276
276 279
279 27
27 295
295 144
144 136
136 21
21 66
66 159
159 229
229 86
86 147
147 127
127 267
267 16
16 114
114 210
210 167
167 282
282 149
149 238
238 169
169 30
30 297
297 19
19 121
121 292
292 216
216 226
226 36
36 245
245 45
45 193
193 119
119 259
259 145
145 221
221 204
204 17
17 256
256 148
148 37
37 84
84 271
271 203
203 201
201 81
81 76
76 117
117 77
77 103
103 263
263 62
62 280
280 299
299 225
225 34
34 285
285 116
116 23
23 258
258 189
189 118
118 209
209 186
186 131
131 275
275 44
44 25
25 31
31 99
99 298
