300 300
1 89
1 17
1 67
1 60
1 23
1 23
1 54
1 68
1 8
1 16
1 29
1 76
1 32
1 78
1 8
1 77
1 70
1 91
1 19
1 60
1 69
1 32
1 75
1 88
1 58
1 98
1 20
1 85
1 2
1 47
1 51
1 27
1 53
1 92
1 7
1 41
1 19
1 84
1 37
1 34
1 17
1 64
1 15
1 82
1 40
1 34
1 89
1 70
1 11
1 23
1 10
1 41
1 55
1 93
1 86
1 29
1 31
1 77
1 50
1 72
1 85
1 39
1 79
1 63
1 24
1 76
1 10
1 56
1 66
1 27
1 20
1 70
1 69
1 7
1 40
1 72
1 25
1 71
1 39
1 83
1 14
1 40
1 4
1 100
1 69
1 92
1 35
1 97
1 82
1 7
1 76
1 9
1 13
1 49
1 84
1 73
1 12
1 81
1 56
1 52
1 50
1 64
1 78
1 4
1 76
1 7
1 88
1 50
1 67
1 26
1 88
1 27
1 10
1 86
1 70
1 24
1 43
1 10
1 59
1 60
1 47
1 99
1 83
1 36
1 78
1 4
1 62
1 54
1 36
1 51
1 82
1 71
1 87
1 86
1 80
1 60
1 94
1 21
1 13
1 1
1 69
1 91
1 15
1 67
1 78
1 94
1 27
1 65
1 70
1 88
1 90
1 98
1 83
1 70
1 54
1 97
1 16
1 34
1 13
1 73
1 3
1 16
1 14
1 91
1 77
1 61
1 68
1 27
1 19
1 60
1 56
1 26
1 68
1 99
1 22
1 1
1 35
1 89
1 29
1 10
1 96
1 72
1 37
1 27
1 40
1 93
1 21
1 15
1 99
1 79
1 40
1 40
1 98
1 97
1 9
1 36
1 44
1 19
1 65
1 45
1 53
1 90
1 91
1 65
1 23
1 6
1 74
1 17
1 22
1 51
1 89
1 22
1 61
1 62
1 96
1 48
1 6
1 77
1 6
1 98
1 73
1 95
1 11
1 1
1 33
1 94
1 86
1 14
1 81
1 79
1 56
1 34
1 57
1 100
1 46
1 3
1 91
1 39
1 2
1 8
1 49
1 93
1 10
1 40
1 3
1 20
1 55
1 90
1 72
1 73
1 30
1 41
1 100
1 82
1 5
1 90
1 52
1 90
1 26
1 92
1 9
1 18
1 67
1 100
1 58
1 48
1 98
1 76
1 94
1 38
1 79
1 21
1 8
1 52
1 84
1 4
1 2
1 15
1 60
1 27
1 48
1 44
1 43
1 39
1 11
1 6
1 2
1 84
1 56
1 77
1 2
1 36
1 25
1 99
1 84
1 9
1 53
1 31
1 65
1 6
16 15
16 110
16 19
16 9
16 241
16 63
16 258
16 249
16 234
16 32
16 84
16 113
16 176
16 251
16 242
16 96
16 4
16 244
16 154
16 100
16 182
16 54
16 159
16 131
16 78
16 252
16 175
16 298
16 8
16 51
16 292
16 196
16 295
16 210
16 59
16 61
16 174
16 93
16 107
16 150
16 187
16 219
16 226
16 211
16 116
16 227
16 278
16 98
16 162
16 14
16 269
16 170
16 164
16 41
16 243
16 91
16 193
16 40
16 144
16 257
16 281
16 86
16 245
16 215
16 48
16 46
16 155
16 10
16 83
16 130
16 127
16 25
16 94
16 260
16 151
16 183
16 89
16 276
16 30
16 156
16 263
16 56
16 5
16 194
16 297
16 160
16 148
16 173
16 2
16 53
16 274
16 294
16 247
16 11
16 184
16 58
16 112
16 85
16 262
16 255
16 129
16 39
16 191
16 277
16 235
16 20
16 206
16 188
16 253
16 233
16 169
16 125
16 299
16 208
16 71
16 106
16 122
16 104
16 79
16 69
16 76
16 140
16 163
16 189
16 185
16 220
16 139
16 90
16 201
16 128
16 146
16 68
16 80
16 152
16 114
16 273
16 12
16 70
16 72
16 172
16 27
16 248
16 124
16 57
16 291
16 28
16 293
16 115
16 88
16 203
16 23
16 192
16 229
16 81
16 168
16 259
16 43
16 35
16 117
16 256
16 108
16 223
16 45
16 55
16 225
16 178
16 147
16 216
16 167
16 37
16 237
16 232
16 279
16 246
16 231
16 62
16 266
16 213
16 42
16 7
16 218
16 214
16 238
16 132
16 118
16 26
16 74
16 143
16 64
16 95
16 240
16 136
16 284
16 17
16 87
16 250
16 21
16 158
16 282
16 204
16 270
16 186
16 268
16 119
16 283
16 65
16 44
16 236
16 29
16 141
16 67
16 82
16 138
16 121
16 60
16 149
16 264
16 38
16 180
16 157
16 137
16 97
16 47
16 111
16 135
16 145
16 280
16 142
16 296
16 239
16 207
16 18
16 133
16 221
16 171
16 101
16 123
16 52
16 267
16 31
16 165
16 205
16 103
16 198
16 287
16 181
16 200
16 217
16 199
16 265
16 288
16 177
16 209
16 92
16 109
16 99
16 222
16 286
16 49
16 197
16 300
16 224
16 153
16 1
16 66
16 22
16 271
16 134
16 120
16 275
16 195
16 3
16 36
16 6
16 77
16 34
16 166
16 73
16 179
16 126
16 230
16 261
16 75
16 228
16 285
16 102
16 212
16 202
16 190
16 105
16 289
16 254
16 33
16 290
16 50
16 13
16 161
16 272
16 24
