300 10
1 95
1 17
1 33
1 72
1 10
1 79
1 15
1 65
1 74
1 50
1 27
1 73
1 90
1 91
1 99
1 56
1 67
1 6
1 36
1 41
1 90
1 71
1 33
1 29
1 49
1 10
1 74
1 10
1 52
1 60
1 87
1 7
1 54
1 71
1 12
1 47
1 13
1 84
1 4
1 50
1 5
1 27
1 75
1 72
1 54
1 18
1 78
1 85
1 44
1 29
1 40
1 7
1 30
1 67
1 37
1 5
1 26
1 17
1 94
1 70
1 90
1 54
1 95
1 6
1 96
1 27
1 57
1 78
1 10
1 63
1 86
1 66
1 46
1 74
1 49
1 77
1 10
1 18
1 83
1 6
1 27
1 94
1 66
1 74
1 72
1 41
1 28
1 41
1 71
1 97
1 65
1 8
1 85
1 36
1 57
1 33
1 69
1 16
1 60
1 77
1 54
1 92
1 58
1 49
1 23
1 57
1 55
1 59
1 20
1 64
1 22
1 38
1 58
1 5
1 98
1 60
1 52
1 4
1 19
1 47
1 31
1 7
1 68
1 88
1 86
1 52
1 4
1 89
1 12
1 58
1 67
1 83
1 68
1 60
1 23
1 53
1 24
1 19
1 60
1 74
1 26
1 41
1 9
1 63
1 77
1 35
1 94
1 30
1 44
1 93
1 41
1 63
1 78
1 45
1 86
1 91
1 33
1 59
1 63
1 60
1 47
1 92
1 78
1 69
1 96
1 54
1 26
1 49
1 7
1 24
1 20
1 82
1 81
1 26
1 62
1 91
1 49
1 46
1 29
1 84
1 21
1 69
1 56
1 4
1 57
1 14
1 54
1 1
1 85
1 42
1 98
1 74
1 91
1 25
1 62
1 47
1 90
1 60
1 96
1 80
1 2
1 87
1 75
1 54
1 47
1 78
1 6
1 73
1 42
1 74
1 64
1 23
1 89
1 38
1 11
1 58
1 78
1 2
1 66
1 18
1 77
1 41
1 73
1 89
1 70
1 49
1 39
1 33
1 45
1 62
1 27
1 92
1 43
1 35
1 24
1 23
1 5
1 81
1 60
1 26
1 57
1 74
1 26
1 30
1 99
1 46
1 44
1 68
1 10
1 26
1 39
1 64
1 41
1 90
1 70
1 99
1 50
1 69
1 11
1 91
1 30
1 82
1 37
1 67
1 75
1 95
1 53
1 8
1 79
1 3
1 40
1 27
1 68
1 13
1 83
1 10
1 27
1 67
1 59
1 47
1 22
1 25
1 4
1 80
1 37
1 87
1 13
1 33
1 16
1 85
1 89
1 68
1 77
1 58
1 29
1 19
1 23
1 21
1 8
1 20
276 140
276 96
276 238
140 154
140 295
140 208
140 232
140 162
154 258
154 131
154 163
154 73
154 71
154 115
154 144
154 256
154 249
258 247
258 269
258 220
258 171
258 191
258 176
247 68
247 137
247 284
247 57
131 99
131 257
131 128
269 235
269 270
269 224
235 108
99 121
99 58
99 200
99 118
99 297
99 40
257 43
257 214
257 122
257 112
257 59
220 178
220 182
220 230
220 272
178 47
121 21
121 25
121 13
121 252
121 148
43 165
43 127
214 293
214 263
214 85
21 278
21 287
21 150
295 77
295 226
295 268
295 31
295 223
208 265
208 248
208 49
122 250
122 69
122 155
25 94
25 81
25 66
25 180
265 206
265 32
265 173
265 65
265 213
265 10
206 97
128 294
293 52
293 2
171 36
171 132
171 51
171 158
171 189
13 72
13 218
13 282
182 216
182 11
216 79
112 167
112 83
112 9
112 289
163 267
163 88
263 292
263 126
94 141
94 42
94 146
94 175
94 3
94 266
94 286
94 76
68 255
68 211
68 236
248 102
248 156
73 273
73 48
72 279
72 124
72 123
141 30
267 227
267 101
252 45
252 190
252 264
250 233
270 84
270 204
270 283
270 75
102 145
102 179
102 186
167 151
167 38
167 288
145 18
145 157
145 41
96 153
96 231
36 110
148 113
292 240
42 133
42 117
279 24
279 261
133 28
133 285
133 105
84 74
84 37
97 17
97 54
97 198
71 78
71 62
278 164
278 177
58 130
18 53
28 298
255 185
11 207
11 290
30 202
30 239
185 15
185 61
285 291
285 80
110 135
230 125
230 271
291 120
45 251
137 12
157 114
157 193
157 209
157 138
272 300
272 143
32 192
41 27
146 197
200 116
200 280
173 169
173 210
164 241
164 254
241 111
241 183
204 259
204 281
204 6
204 253
190 8
259 26
83 222
175 139
47 46
202 228
202 22
240 23
240 161
240 34
240 56
132 91
132 243
65 274
281 107
274 129
274 95
274 275
179 67
74 199
51 184
51 201
236 260
3 86
3 35
91 63
144 60
113 20
113 92
192 29
207 19
232 103
125 195
125 245
184 1
184 152
27 168
27 64
139 136
114 174
60 172
108 50
130 5
19 221
129 234
273 98
245 212
245 225
271 4
271 215
101 299
101 104
8 7
8 170
8 90
17 109
17 277
7 194
7 296
135 166
109 262
239 100
239 89
161 203
161 16
233 159
228 44
4 229
256 106
234 187
106 33
63 147
63 246
199 142
194 39
53 93
53 134
280 242
203 149
85 244
49 188
66 119
289 196
251 14
168 181
196 219
100 55
174 70
188 160
44 237
201 217
70 82
80 87
186 205
