300 300
142 4
142 12
142 7
142 57
142 99
142 30
142 100
142 58
142 69
142 81
142 80
142 27
142 40
142 68
142 57
142 74
142 48
142 48
142 9
142 20
142 17
142 25
142 54
142 11
142 8
142 62
142 50
142 39
142 84
142 72
142 17
142 81
142 86
142 95
142 42
142 65
142 33
142 94
142 85
142 38
142 95
142 80
142 31
142 83
142 99
142 90
142 81
142 20
142 95
142 40
142 10
142 17
142 46
142 84
142 88
142 77
142 42
142 68
142 10
142 50
142 21
142 36
142 89
142 13
142 45
142 72
142 40
142 23
142 36
142 2
142 32
142 85
142 32
142 44
142 7
142 83
142 92
142 61
142 92
142 3
142 53
142 3
142 41
142 31
142 75
142 43
142 61
142 9
142 21
142 11
142 39
142 18
142 85
142 76
142 2
142 26
142 8
142 97
142 18
142 8
142 5
142 79
142 31
142 4
142 5
142 3
142 84
142 23
142 9
142 80
142 48
142 73
142 34
142 15
142 10
142 98
142 24
142 14
142 48
142 74
142 64
142 57
142 29
142 68
142 52
142 46
142 33
142 73
142 78
142 6
142 93
142 51
142 4
142 16
142 72
142 8
142 96
142 32
142 55
142 13
142 95
142 10
142 22
142 70
142 96
142 69
142 1
142 91
142 14
142 47
142 80
142 60
142 2
142 78
142 13
142 42
142 42
142 25
142 59
142 1
142 43
142 33
142 38
142 99
142 64
142 98
142 77
142 18
142 6
142 88
142 59
142 75
142 16
142 48
142 98
142 68
142 47
142 42
142 64
142 68
142 11
142 80
142 71
142 57
142 35
142 37
142 43
142 93
142 13
142 22
142 77
142 31
142 64
142 26
142 27
142 76
142 74
142 79
142 75
142 77
142 80
142 23
142 86
142 48
142 44
142 99
142 52
142 84
142 77
142 71
142 17
142 61
142 10
142 37
142 57
142 44
142 10
142 52
142 88
142 89
142 1
142 96
142 39
142 55
142 61
142 78
142 26
142 44
142 20
142 15
142 65
142 49
142 67
142 2
142 51
142 8
142 2
142 55
142 10
142 69
142 62
142 4
142 98
142 35
142 31
142 53
142 45
142 98
142 31
142 10
142 98
142 72
142 12
142 9
142 18
142 25
142 50
142 89
142 12
142 76
142 28
142 37
142 95
142 8
142 96
142 37
142 63
142 51
142 21
142 71
142 66
142 98
142 64
142 39
142 18
142 93
142 21
142 76
142 12
142 11
142 53
142 86
142 79
142 87
142 66
142 12
142 79
142 1
142 68
142 96
142 20
142 15
142 30
142 65
142 94
142 35
142 51
142 10
142 38
142 45
293 192
293 87
293 263
293 44
293 170
293 197
293 181
293 38
192 101
192 68
192 106
192 232
192 133
87 254
87 220
87 136
87 96
87 88
87 112
263 166
263 144
263 155
263 94
263 270
263 277
263 107
68 54
68 233
68 283
68 251
68 58
254 56
254 50
166 132
166 202
166 286
144 142
144 164
144 116
220 287
220 1
220 72
220 53
220 66
132 129
132 219
132 20
129 13
219 215
219 104
219 237
54 62
54 290
54 24
142 171
142 6
142 30
44 131
44 61
44 47
44 278
44 284
131 12
131 186
131 117
131 245
136 86
136 125
136 167
136 226
136 234
233 84
233 231
233 126
233 191
233 78
171 299
171 227
171 265
171 177
171 16
62 264
62 256
84 52
84 92
84 141
84 230
299 207
299 269
299 64
299 100
299 124
287 190
287 246
287 273
170 36
170 135
170 23
170 288
170 33
190 75
190 114
190 259
86 154
86 214
12 77
197 108
197 128
197 2
108 110
108 173
52 3
110 98
6 291
6 216
6 228
106 139
106 150
30 159
291 49
291 257
96 260
96 105
96 285
96 22
96 83
96 156
96 165
36 274
36 253
75 37
75 262
3 9
3 29
3 193
105 180
49 25
125 295
216 279
232 148
232 10
290 223
227 160
285 146
285 300
154 43
154 152
154 26
154 247
146 95
146 14
1 41
167 103
167 296
167 32
135 65
264 208
264 280
226 272
160 199
265 149
265 204
112 200
23 258
23 275
23 198
199 97
199 28
199 151
181 153
148 71
22 60
22 271
97 134
186 188
186 42
246 189
246 140
72 187
72 19
72 209
61 40
61 157
300 162
234 297
234 63
188 240
231 147
28 67
28 282
28 211
155 15
155 255
155 34
155 249
149 109
65 235
65 163
65 55
189 205
56 213
288 158
288 242
151 113
151 11
297 35
251 172
251 168
140 238
13 236
13 145
13 221
172 118
172 99
172 179
53 91
159 17
159 51
43 5
43 48
43 45
98 201
255 27
255 239
33 82
38 85
77 79
47 21
126 161
126 120
16 292
16 102
235 127
235 194
35 183
161 18
208 185
208 8
20 229
104 143
104 217
104 267
240 294
63 111
163 176
236 93
82 248
245 138
245 90
228 81
17 80
153 210
143 206
94 123
94 119
94 115
94 225
116 69
152 266
152 74
120 137
278 174
27 298
27 196
10 178
81 261
81 70
118 7
118 195
214 281
249 121
141 222
145 268
123 57
99 243
211 182
147 59
272 203
174 73
102 169
102 89
100 276
296 130
179 122
179 31
7 250
7 76
229 224
158 252
165 244
165 175
195 241
183 184
183 39
183 218
242 46
50 4
74 289
268 212
