300 100
259 18
75 62
273 99
56 75
140 13
62 29
90 69
266 4
208 50
175 55
128 74
213 40
236 19
203 79
100 29
117 71
189 42
59 33
163 81
211 98
181 18
17 23
225 55
277 8
55 28
98 45
53 23
192 96
196 78
180 42
109 63
133 27
2 66
41 8
16 76
193 55
63 86
16 49
280 8
203 28
207 11
216 31
255 32
122 2
210 16
289 6
73 14
215 9
245 9
49 70
43 42
5 30
127 80
178 5
80 84
194 91
266 47
270 27
300 68
193 63
110 71
101 26
57 75
300 90
234 19
40 27
69 90
156 7
121 46
170 64
35 32
119 66
3 75
205 33
224 23
92 9
223 79
20 73
32 63
44 87
84 35
73 21
189 33
37 50
16 1
170 63
173 22
5 34
122 97
53 46
165 64
39 94
43 100
147 100
197 5
218 10
66 59
135 46
207 6
67 14
211 30
245 72
55 68
260 78
32 26
290 41
33 4
148 33
44 89
187 43
112 20
184 28
121 9
83 51
11 66
17 92
243 55
63 82
29 97
289 67
3 61
245 80
27 12
170 80
253 39
279 98
203 45
94 5
244 5
94 14
256 83
137 39
82 3
57 16
22 98
145 73
20 75
48 34
281 39
208 36
98 5
247 9
163 67
118 47
33 96
74 6
33 96
198 47
88 38
49 81
76 5
47 6
120 90
244 80
104 92
300 47
292 14
93 90
281 4
163 32
110 16
160 60
123 63
166 28
264 78
127 73
126 51
142 24
254 51
215 51
130 95
46 16
26 10
11 57
99 3
155 52
215 56
53 74
72 96
200 20
212 23
273 77
223 21
59 40
30 75
217 65
113 74
129 6
100 51
47 14
228 43
209 62
49 11
245 93
119 22
232 14
80 63
227 3
266 11
215 29
156 20
71 46
70 59
269 72
75 66
260 31
52 43
265 47
122 98
155 44
109 44
276 89
288 35
284 87
62 23
226 72
98 42
35 13
64 40
111 90
119 93
70 76
295 48
22 97
293 67
62 76
160 4
41 88
86 16
288 4
18 72
238 63
222 55
180 23
196 48
282 64
55 23
31 15
238 52
113 3
28 29
180 37
52 6
49 24
171 54
102 22
151 76
15 26
245 16
121 11
115 5
140 64
189 83
86 31
154 87
40 18
6 87
167 1
82 58
13 71
199 80
218 100
39 76
77 7
120 72
285 82
295 70
286 58
39 74
104 37
161 62
276 76
239 7
146 52
115 100
151 13
100 12
82 70
176 26
252 23
187 73
165 85
250 46
258 77
165 69
126 29
47 13
179 31
20 20
241 26
189 83
282 32
270 87
76 71
275 93
297 40
218 21
127 9
286 55
230 51
156 60
60 191
191 214
214 145
145 98
98 20
20 51
51 52
52 209
209 111
111 296
296 242
242 125
125 267
267 151
151 154
154 104
104 141
141 300
300 243
243 1
1 147
147 282
282 237
237 97
97 290
290 167
167 24
24 58
58 254
254 17
17 76
76 190
190 15
15 252
252 293
293 122
122 193
193 256
256 239
239 10
10 139
139 130
130 90
90 166
166 50
50 211
211 142
142 41
41 32
32 295
295 235
235 136
136 200
200 68
68 135
135 221
221 198
198 233
233 47
47 222
222 83
83 182
182 161
161 38
38 48
48 238
238 14
14 185
185 128
128 103
103 174
174 266
266 143
143 28
28 236
236 189
189 291
291 168
168 228
228 172
172 94
94 255
255 9
9 126
126 159
159 224
224 194
194 164
164 201
201 78
78 22
22 188
188 108
108 152
152 3
3 245
245 85
85 19
19 206
206 119
119 129
129 61
61 43
43 23
23 114
114 63
63 21
21 298
298 54
54 89
89 220
220 157
157 137
137 116
116 100
100 283
283 285
285 138
138 273
273 123
123 253
253 258
258 195
195 88
88 73
73 82
82 160
160 208
208 80
80 12
12 218
218 199
199 210
210 268
268 186
186 84
84 27
27 121
121 257
257 132
132 109
109 213
213 294
294 71
71 288
288 176
176 261
261 251
251 287
287 65
65 95
95 31
31 226
226 289
289 144
144 112
112 270
270 215
215 162
162 205
205 101
101 13
13 230
230 272
272 229
229 178
178 74
74 77
77 246
246 175
175 202
202 292
292 286
286 146
146 16
16 34
34 148
148 248
248 171
171 265
265 127
127 45
45 81
81 133
133 284
284 117
117 99
99 118
118 187
187 87
87 134
134 7
7 105
105 4
4 106
106 69
69 227
227 259
259 260
260 223
223 225
225 11
11 264
264 5
5 216
216 30
30 192
192 247
247 280
280 217
217 241
241 6
6 46
46 219
219 170
170 42
42 53
53 299
299 79
79 177
177 278
278 44
44 102
102 196
196 232
232 155
155 275
275 203
203 281
281 33
33 153
153 8
8 62
62 96
96 110
110 279
279 37
37 184
184 234
234 115
115 59
59 244
244 92
92 124
124 2
2 107
107 277
277 29
29 263
263 72
72 36
36 120
120 173
173 55
55 67
67 250
250 149
149 197
197 158
158 39
39 297
297 131
131 179
179 113
113 66
66 271
271 93
93 86
86 64
64 150
150 91
91 140
140 163
163 49
49 181
181 75
75 183
183 262
262 180
180 212
212 207
207 204
204 169
169 276
276 231
231 25
25 26
26 56
56 240
240 70
70 269
269 18
18 57
57 165
165 40
40 249
249 274
274 35
