300 300
219 62
219 67
219 16
219 92
219 2
219 53
219 68
219 5
219 89
219 86
219 8
219 21
219 26
219 74
219 88
219 71
219 70
219 34
219 56
219 90
219 34
219 7
219 25
219 49
219 41
219 91
219 62
219 81
219 82
219 39
219 100
219 37
219 29
219 44
219 79
219 95
219 14
219 93
219 42
219 58
219 78
219 68
219 88
219 5
219 44
219 62
219 69
219 69
219 95
219 6
219 29
219 15
219 9
219 43
219 59
219 45
219 55
219 80
219 29
219 60
219 20
219 65
219 23
219 41
219 9
219 6
219 74
219 46
219 45
219 58
219 52
219 41
219 58
219 96
219 36
219 53
219 37
219 85
219 59
219 95
219 6
219 93
219 21
219 49
219 58
219 76
219 75
219 2
219 85
219 93
219 33
219 63
219 21
219 9
219 82
219 74
219 22
219 37
219 4
219 98
219 30
219 46
219 100
219 24
219 89
219 1
219 47
219 40
219 75
219 24
219 11
219 95
219 27
219 75
219 45
219 97
219 31
219 86
219 67
219 27
219 34
219 63
219 87
219 22
219 4
219 57
219 13
219 6
219 31
219 48
219 63
219 21
219 33
219 96
219 30
219 6
219 91
219 81
219 98
219 38
219 23
219 77
219 55
219 40
219 76
219 95
219 73
219 38
219 37
219 56
219 97
219 95
219 73
219 52
219 40
219 93
219 17
219 26
219 93
219 79
219 39
219 90
219 87
219 77
219 94
219 84
219 87
219 7
219 27
219 52
219 8
219 36
219 40
219 57
219 11
219 58
219 4
219 25
219 55
219 48
219 26
219 51
219 74
219 19
219 84
219 17
219 45
219 55
219 28
219 77
219 33
219 77
219 11
219 28
219 68
219 69
219 32
219 37
219 1
219 4
219 75
219 8
219 4
219 20
219 92
219 61
219 91
219 78
219 16
219 78
219 7
219 7
219 11
219 100
219 92
219 32
219 71
219 63
219 5
219 89
219 100
219 20
219 30
219 71
219 68
219 92
219 29
219 73
219 70
219 44
219 61
219 33
219 59
219 67
219 39
219 30
219 74
219 91
219 39
219 89
219 58
219 75
219 64
219 38
219 91
219 81
219 88
219 1
219 19
219 61
219 62
219 74
219 89
219 79
219 33
219 85
219 80
219 10
219 49
219 84
219 33
219 51
219 94
219 1
219 53
219 40
219 93
219 92
219 63
219 10
219 64
219 32
219 79
219 2
219 4
219 16
219 11
219 93
219 57
219 31
219 84
219 77
219 59
219 82
219 9
219 3
219 47
219 11
219 89
219 32
219 51
219 100
219 80
219 22
219 49
219 76
219 17
219 37
219 91
219 42
54 255
54 67
255 254
255 82
67 94
67 16
254 277
254 266
82 219
82 139
94 295
94 171
16 41
16 22
277 109
277 244
266 3
266 235
219 236
219 159
139 189
139 66
295 204
295 274
171 183
171 79
41 21
41 73
22 49
22 265
109 83
109 201
244 242
244 27
3 195
3 149
235 167
235 58
236 165
236 156
159 34
159 93
189 238
189 190
66 96
66 170
204 141
204 188
274 143
274 116
183 161
183 205
79 215
79 184
21 271
21 29
73 158
73 191
49 200
49 155
265 136
265 87
83 243
83 291
201 231
201 251
242 45
242 226
27 70
27 153
195 237
195 279
149 106
149 233
167 221
167 220
58 115
58 125
165 35
165 130
156 198
156 216
34 117
34 258
93 273
93 127
238 178
238 135
190 131
190 150
96 126
96 14
170 203
170 144
141 224
141 6
188 101
188 104
143 180
143 196
116 186
116 270
161 75
161 98
205 134
205 275
215 299
215 248
184 252
184 123
271 272
271 202
29 52
29 199
158 108
158 4
191 128
191 111
200 253
200 176
155 132
155 48
136 121
136 44
87 218
87 95
243 214
243 110
291 175
291 31
231 86
231 247
251 74
251 113
45 286
45 36
226 61
226 263
70 8
70 232
153 90
153 284
237 298
237 151
279 256
279 88
106 192
106 240
233 296
233 91
221 137
221 229
220 2
220 281
115 209
115 50
125 166
125 268
35 249
35 181
130 261
130 269
198 99
198 37
216 288
216 18
117 297
117 280
258 40
258 259
273 59
273 32
127 283
127 26
178 210
178 239
135 120
135 187
131 81
131 179
150 71
150 267
126 212
126 102
14 208
14 230
203 13
203 168
144 154
144 55
224 264
224 290
6 76
6 182
101 147
101 228
104 85
104 62
180 25
180 292
196 10
196 118
186 217
186 241
270 64
270 107
75 20
75 39
98 157
98 163
134 172
134 142
275 300
275 38
299 19
299 42
248 33
248 30
252 77
252 245
123 53
123 287
272 289
272 227
202 112
202 138
52 103
52 17
199 57
199 174
108 140
108 43
4 72
4 133
128 12
128 225
111 63
111 234
253 80
253 28
176 162
176 105
132 293
132 260
48 250
48 89
121 51
121 294
44 285
44 24
218 169
218 276
95 23
95 69
214 47
214 193
110 68
110 206
175 11
175 9
31 15
31 262
86 177
86 97
247 92
247 65
74 119
74 114
113 1
113 173
286 5
286 7
36 222
36 46
61 122
61 207
263 282
263 164
8 145
8 148
232 124
232 60
90 197
90 246
284 278
284 56
298 213
298 160
151 78
151 257
256 223
256 185
88 100
88 194
192 146
192 152
240 84
240 129
296 211
