100 10
54 86
257 61
69 37
197 22
88 61
211 93
279 8
283 9
253 83
294 73
261 48
36 44
176 50
75 95
85 33
262 74
231 33
37 78
109 94
263 93
18 46
179 23
127 45
158 14
148 62
50 78
31 79
49 16
138 64
29 78
140 39
221 60
268 47
60 94
205 3
112 2
224 38
265 54
143 93
269 60
110 70
196 24
58 76
273 92
210 91
100 43
184 34
22 71
287 5
190 49
294 71
131 1
137 1
13 73
252 16
144 9
277 75
144 76
91 35
300 84
265 94
234 51
129 54
223 67
124 4
174 17
276 93
91 83
268 72
284 16
231 6
13 76
267 84
244 36
63 40
86 89
265 95
18 77
124 63
139 68
133 48
272 7
93 87
126 46
298 99
43 4
245 44
112 66
187 75
79 44
18 92
69 87
102 45
294 25
64 25
145 28
224 99
230 95
46 67
295 57
85 72
85 31
85 89
85 83
85 67
85 86
72 18
72 75
72 24
72 69
72 68
72 28
72 45
18 84
18 19
75 49
75 95
31 9
31 29
31 39
89 36
89 66
89 33
89 12
36 55
36 92
83 88
9 15
9 94
9 40
49 17
29 20
29 44
20 26
20 60
20 80
20 21
20 76
24 90
39 98
68 54
68 2
98 100
98 30
84 53
84 7
84 22
26 8
53 70
15 6
15 50
15 64
66 78
88 43
88 25
88 61
43 59
43 79
43 48
7 71
28 82
28 51
94 97
94 4
94 14
17 34
17 27
54 38
54 35
54 52
27 81
27 47
97 65
65 16
33 37
81 73
81 42
60 93
82 41
38 63
50 57
50 96
47 10
25 1
25 23
25 99
12 32
95 77
57 62
32 11
21 3
21 5
16 87
73 91
87 13
14 46
96 74
96 58
93 56
