100 100
2 47
2 51
2 2
2 44
2 46
2 76
2 70
2 51
2 91
2 45
2 69
2 85
2 77
2 75
2 92
2 67
2 64
2 65
2 75
2 57
2 98
2 90
2 76
2 93
2 19
2 85
2 77
2 2
2 53
2 53
2 59
2 17
2 50
2 19
2 24
2 31
2 2
2 73
2 55
2 82
2 11
2 47
2 22
2 26
2 53
2 19
2 9
2 48
2 22
2 54
2 4
2 67
2 24
2 100
2 72
2 71
2 59
2 18
2 72
2 22
2 78
2 54
2 89
2 16
2 7
2 3
2 39
2 47
2 93
2 97
2 18
2 88
2 45
2 38
2 78
2 87
2 91
2 81
2 24
2 20
2 32
2 54
2 14
2 78
2 33
2 27
2 84
2 81
2 1
2 31
2 65
2 68
2 66
2 93
2 48
2 75
2 28
2 42
2 7
2 75
100 61
100 96
100 28
100 19
100 80
100 94
100 58
100 65
100 52
100 75
100 97
100 55
100 89
100 35
100 59
100 63
100 25
100 40
100 15
100 4
100 99
100 29
100 20
100 5
100 42
100 98
100 66
100 72
100 69
100 17
100 83
100 21
100 30
100 84
100 45
100 79
100 16
100 48
100 77
100 49
100 50
100 27
100 31
100 74
100 81
100 70
100 12
100 34
100 71
100 43
100 56
100 7
100 95
100 90
100 46
100 18
100 93
100 36
100 78
100 54
100 10
100 53
100 82
100 87
100 41
100 23
100 92
100 11
100 38
100 39
100 73
100 14
100 62
100 32
100 85
100 76
100 57
100 24
100 64
100 3
100 86
100 37
100 26
100 91
100 88
100 68
100 33
100 44
100 9
100 51
100 47
100 8
100 13
100 22
100 67
100 60
100 6
100 1
100 2
