100 300
25 94
300 7
116 21
163 55
177 57
129 7
281 55
237 9
255 37
223 74
55 75
296 75
184 53
252 26
279 69
180 61
91 92
15 98
156 62
8 67
160 42
24 16
279 37
154 49
279 73
291 85
147 14
180 74
181 63
14 94
137 74
299 10
113 65
197 5
100 56
54 8
293 49
197 73
143 11
9 76
296 68
4 25
151 93
53 57
17 84
299 99
217 93
193 7
48 87
236 56
292 31
216 14
166 20
143 15
168 89
179 46
270 44
139 25
243 7
186 73
105 6
45 79
287 9
213 94
8 56
184 56
51 6
93 26
58 14
56 89
217 6
127 39
70 78
98 58
300 89
227 6
11 64
167 18
290 98
21 81
213 55
226 48
235 28
212 85
80 27
179 29
146 84
139 50
179 59
147 4
271 33
238 74
261 51
121 98
188 54
245 31
215 57
46 89
122 23
104 34
15 6
15 93
6 12
6 34
93 40
93 85
12 16
12 45
34 1
34 42
40 5
40 68
85 54
85 57
16 72
16 47
45 76
45 75
1 95
1 62
42 38
42 79
5 55
5 25
68 74
68 65
54 60
54 20
57 24
57 13
72 91
72 31
47 8
47 71
76 27
76 43
75 33
75 23
95 3
95 19
62 59
62 78
38 9
38 26
79 29
79 10
55 63
55 14
25 36
25 98
74 21
74 92
65 83
65 66
60 80
60 39
20 96
20 99
24 90
24 81
13 53
13 46
91 32
91 11
31 4
31 35
8 82
8 88
71 73
71 44
27 97
27 41
43 17
43 64
33 56
33 48
23 49
23 7
3 61
3 69
19 100
19 58
59 28
59 50
78 86
78 87
9 30
9 70
26 37
26 89
29 2
29 94
10 18
10 77
63 51
63 52
14 67
14 84
36 22
