300 10
2 66
2 7
2 12
2 30
2 87
2 20
2 43
2 36
2 54
2 77
2 53
2 19
2 97
2 77
2 25
2 15
2 27
2 28
2 28
2 84
2 78
2 12
2 9
2 5
2 49
2 4
2 8
2 55
2 47
2 95
2 28
2 18
2 30
2 6
2 80
2 84
2 28
2 9
2 89
2 52
2 3
2 55
2 62
2 94
2 25
2 77
2 68
2 40
2 53
2 100
2 60
2 7
2 75
2 69
2 53
2 23
2 46
2 56
2 31
2 28
2 99
2 81
2 45
2 36
2 2
2 69
2 53
2 4
2 8
2 14
2 89
2 36
2 22
2 39
2 35
2 66
2 46
2 94
2 26
2 9
2 100
2 89
2 34
2 1
2 6
2 63
2 28
2 87
2 20
2 80
2 78
2 51
2 97
2 22
2 89
2 49
2 90
2 12
2 51
2 13
2 66
2 86
2 57
2 60
2 13
2 38
2 86
2 39
2 100
2 84
2 10
2 97
2 78
2 47
2 94
2 11
2 33
2 6
2 42
2 72
2 97
2 35
2 16
2 35
2 68
2 4
2 43
2 99
2 93
2 86
2 97
2 8
2 12
2 35
2 39
2 42
2 85
2 16
2 79
2 21
2 26
2 47
2 10
2 73
2 5
2 14
2 50
2 79
2 80
2 77
2 94
2 21
2 51
2 94
2 39
2 3
2 5
2 51
2 65
2 96
2 26
2 70
2 42
2 99
2 58
2 56
2 59
2 71
2 36
2 99
2 56
2 93
2 95
2 4
2 78
2 15
2 66
2 87
2 9
2 56
2 38
2 42
2 40
2 86
2 70
2 15
2 4
2 60
2 12
2 61
2 58
2 32
2 24
2 2
2 63
2 33
2 56
2 60
2 64
2 95
2 77
2 37
2 53
2 44
2 2
2 66
2 46
2 91
2 47
2 52
2 54
2 53
2 86
2 22
2 67
2 8
2 52
2 20
2 22
2 15
2 78
2 83
2 20
2 21
2 41
2 53
2 34
2 93
2 34
2 40
2 100
2 59
2 27
2 25
2 64
2 10
2 57
2 50
2 75
2 41
2 62
2 65
2 46
2 78
2 60
2 25
2 80
2 74
2 82
2 35
2 74
2 46
2 54
2 86
2 85
2 47
2 80
2 72
2 97
2 4
2 100
2 31
2 57
2 92
2 76
2 20
2 100
2 33
2 62
2 16
2 2
2 100
2 40
2 74
2 75
2 47
2 34
2 79
2 74
2 66
2 67
2 36
2 88
2 71
2 31
2 68
2 18
2 66
2 64
2 34
2 76
2 59
2 54
2 81
2 6
2 4
2 6
2 22
2 59
2 97
111 262
111 292
111 75
111 148
111 90
111 89
111 265
111 159
111 249
111 104
111 125
111 267
111 176
111 268
111 183
111 298
111 179
111 261
111 35
111 20
111 99
111 110
111 286
111 293
111 113
111 168
111 264
111 178
111 193
111 155
111 115
111 37
111 197
111 87
111 281
111 143
111 243
111 202
111 29
111 217
111 275
111 291
111 9
111 109
111 227
111 48
111 55
111 32
111 76
111 5
111 220
111 289
111 184
111 153
111 206
111 181
111 272
111 247
111 112
111 67
111 277
111 137
111 157
111 141
111 140
111 64
111 93
111 133
111 65
111 19
111 21
111 27
111 73
111 288
111 235
111 161
111 185
111 2
111 91
111 79
111 152
111 285
111 102
111 254
111 255
111 244
111 57
111 167
111 209
111 257
111 172
111 66
111 52
111 149
111 259
111 207
111 11
111 296
111 101
111 174
111 266
111 131
111 173
111 50
111 212
111 119
111 299
111 240
111 121
111 107
111 45
111 182
111 170
111 196
111 200
111 270
111 15
111 108
111 16
111 145
111 18
111 68
111 74
111 77
111 43
111 129
111 287
111 245
111 134
111 71
111 118
111 3
111 95
111 69
111 126
111 24
111 198
111 300
111 271
111 290
111 34
111 204
111 83
111 85
111 273
111 92
111 116
111 36
111 80
111 86
111 40
111 216
111 219
111 263
111 242
111 25
111 199
111 211
111 103
111 251
111 46
111 234
111 274
111 210
111 238
111 226
111 205
111 258
111 49
111 221
111 47
111 284
111 177
111 241
111 127
111 146
111 44
111 6
111 195
111 294
111 236
111 139
111 39
111 138
111 122
111 142
111 191
111 4
111 62
111 14
111 166
111 130
111 150
111 283
111 23
111 128
111 41
111 248
111 84
111 117
111 190
111 135
111 81
111 94
111 7
111 171
111 151
111 253
111 26
111 97
111 252
111 98
111 203
111 278
111 78
111 56
111 260
111 147
111 54
111 192
111 229
111 180
111 169
111 224
111 42
111 124
111 269
111 163
111 63
111 237
111 164
111 30
111 13
111 187
111 51
111 218
111 162
111 82
111 233
111 223
111 214
111 232
111 33
111 70
111 208
111 105
111 186
111 250
111 297
111 154
111 88
111 160
111 246
111 58
111 123
111 96
111 1
111 61
111 295
111 231
111 38
111 22
111 194
111 28
111 120
111 10
111 17
111 12
111 175
111 144
111 280
111 230
111 53
111 136
111 60
111 165
111 156
111 100
111 282
111 31
111 279
111 59
111 189
111 215
111 256
111 8
111 228
111 225
111 239
111 201
111 114
111 72
111 213
111 276
111 106
111 132
111 158
111 188
111 222
