300 100
64 96
64 87
64 58
64 20
64 37
64 67
64 7
64 68
64 89
64 66
64 37
64 69
64 97
64 59
64 76
64 86
64 47
64 87
64 90
64 37
64 98
64 37
64 42
64 18
64 18
64 86
64 16
64 68
64 38
64 88
64 96
64 88
64 68
64 89
64 11
64 33
64 65
64 37
64 52
64 41
64 19
64 41
64 41
64 42
64 55
64 97
64 37
64 52
64 28
64 49
64 4
64 21
64 96
64 50
64 63
64 55
64 87
64 82
64 39
64 43
64 50
64 77
64 7
64 70
64 51
64 16
64 16
64 5
64 54
64 9
64 60
64 37
64 65
64 53
64 6
64 11
64 44
64 36
64 74
64 90
64 53
64 55
64 48
64 53
64 21
64 69
64 96
64 73
64 91
64 22
64 33
64 50
64 95
64 85
64 70
64 19
64 99
64 72
64 71
64 53
64 65
64 79
64 17
64 54
64 9
64 38
64 54
64 35
64 2
64 14
64 63
64 16
64 59
64 30
64 5
64 46
64 35
64 16
64 58
64 63
64 72
64 28
64 90
64 90
64 20
64 99
64 4
64 38
64 33
64 71
64 21
64 7
64 54
64 72
64 76
64 3
64 54
64 89
64 9
64 54
64 15
64 28
64 13
64 61
64 47
64 30
64 9
64 96
64 5
64 78
64 32
64 78
64 61
64 22
64 33
64 89
64 58
64 98
64 81
64 55
64 68
64 94
64 50
64 23
64 12
64 94
64 56
64 19
64 57
64 93
64 94
64 96
64 15
64 16
64 38
64 25
64 36
64 3
64 88
64 23
64 42
64 16
64 26
64 17
64 22
64 24
64 31
64 7
64 22
64 31
64 44
64 88
64 7
64 3
64 14
64 48
64 78
64 41
64 5
64 12
64 64
64 60
64 97
64 91
64 13
64 94
64 73
64 62
64 44
64 68
64 35
64 60
64 89
64 3
64 96
64 100
64 2
64 75
64 50
64 49
64 68
64 74
64 100
64 84
64 97
64 64
64 21
64 2
64 81
64 7
64 69
64 57
64 52
64 27
64 35
64 58
64 98
64 84
64 70
64 78
64 33
64 35
64 91
64 73
64 8
64 81
64 95
64 9
64 79
64 16
64 38
64 76
64 67
64 43
64 50
64 88
64 30
64 15
64 17
64 85
64 75
64 98
64 47
64 78
64 27
64 2
64 7
64 100
64 61
64 24
64 90
64 12
64 13
64 5
64 39
64 98
64 49
64 68
64 15
64 93
64 75
64 16
64 74
64 63
64 93
64 18
64 94
64 100
64 41
64 71
64 11
64 76
64 41
64 61
64 58
64 67
64 30
64 91
64 77
64 11
249 265
249 282
249 61
249 3
249 139
249 151
249 254
249 168
249 208
265 179
265 231
265 50
265 251
265 99
265 230
282 161
282 27
282 158
282 57
282 217
282 1
282 5
282 7
282 116
179 43
179 212
179 134
179 296
161 279
161 166
161 223
161 269
231 45
231 191
231 111
231 131
231 189
231 79
27 35
35 186
35 142
279 105
166 80
166 213
166 211
166 271
61 202
202 240
202 152
202 188
202 221
213 21
213 262
213 272
213 294
213 58
213 64
213 15
186 33
186 140
45 157
45 107
45 228
21 245
21 241
21 288
223 225
223 22
223 70
223 53
223 124
223 10
3 104
3 210
3 291
3 229
158 148
158 149
158 75
240 193
240 180
269 197
43 9
225 170
50 56
50 205
262 72
9 244
9 195
9 110
9 130
9 248
9 119
245 146
245 199
245 141
245 46
245 172
193 234
244 160
244 278
244 60
244 89
211 159
191 14
191 8
57 274
57 20
57 175
57 68
195 276
195 103
195 298
195 174
195 243
160 39
160 137
160 283
22 233
217 59
217 90
217 144
217 185
146 109
146 32
212 204
212 38
212 299
139 65
104 83
104 11
274 28
274 154
274 187
199 138
149 287
149 132
276 108
20 26
287 143
287 227
287 29
287 258
278 145
157 255
157 122
272 169
1 167
197 127
197 77
103 62
103 253
111 277
111 285
277 194
294 67
110 281
110 201
110 284
58 292
53 203
53 153
53 163
53 98
124 18
124 118
124 114
203 42
251 165
152 54
152 181
153 264
138 95
138 76
141 196
141 48
154 218
134 36
98 13
60 92
39 117
159 290
159 239
159 31
159 259
67 232
67 270
210 214
180 17
107 238
281 286
281 112
281 235
132 260
175 266
54 87
54 94
298 237
109 176
109 19
76 215
13 78
181 73
201 135
214 129
218 93
218 2
218 66
218 295
151 177
75 190
26 246
135 252
5 133
5 40
144 96
188 91
189 206
89 150
299 69
299 47
299 192
299 97
299 12
105 121
241 300
241 128
252 106
252 263
117 63
117 182
150 6
290 156
291 55
194 100
106 280
108 4
108 162
108 293
108 23
284 101
288 125
288 115
167 113
266 216
266 198
230 267
172 242
280 84
162 164
162 256
263 51
263 16
243 49
87 25
51 85
51 171
292 173
100 81
101 247
101 222
255 41
112 71
247 250
247 289
247 200
71 52
165 261
229 219
196 268
196 155
16 120
16 224
68 236
2 123
270 24
66 209
66 136
145 34
91 44
91 74
91 126
91 147
219 297
264 275
192 183
8 88
97 86
63 257
236 37
209 184
183 82
136 226
136 207
185 102
127 30
297 178
74 273
55 220
