300 10
254 1
37 72
227 78
63 65
65 93
83 72
256 75
46 79
185 54
121 99
98 50
208 95
24 27
110 33
32 78
237 94
115 4
65 37
242 95
272 55
136 91
83 4
232 70
170 56
142 87
46 85
126 38
298 14
142 51
209 37
184 62
243 68
34 24
256 73
162 98
83 95
24 71
185 70
65 49
190 8
35 90
230 68
264 17
104 63
104 99
170 12
266 56
16 8
34 44
156 52
2 31
224 85
172 72
13 2
148 40
15 16
89 55
264 70
205 47
239 17
70 81
65 43
96 39
223 75
152 15
70 83
268 64
45 52
169 69
191 99
215 7
55 53
242 36
212 78
108 98
264 83
215 9
260 4
274 16
76 17
248 55
220 58
8 40
171 99
98 54
246 13
297 82
27 29
15 9
105 1
39 91
76 81
77 42
262 51
201 83
65 16
103 28
222 17
135 36
206 30
206 1
73 11
162 69
85 47
37 10
142 91
61 97
175 25
109 62
133 18
86 82
218 28
220 51
54 34
276 12
190 33
247 64
166 89
240 84
19 61
129 82
168 27
23 88
194 45
242 43
2 40
198 7
10 33
275 88
232 15
191 86
84 51
167 51
170 42
248 95
183 35
65 88
148 42
81 28
276 57
262 12
84 65
169 52
226 33
188 3
290 7
87 20
223 79
181 95
300 22
48 48
134 48
91 95
202 21
153 5
258 40
245 8
52 22
53 18
230 93
284 69
300 4
270 50
266 99
266 82
49 73
135 25
294 94
104 60
82 56
233 22
157 72
174 76
168 29
121 64
63 20
89 95
75 35
179 68
180 39
155 66
135 40
201 90
295 34
274 74
140 95
34 41
232 37
147 32
218 99
278 42
186 69
115 26
86 3
12 15
191 36
169 62
18 23
63 93
43 17
176 93
237 54
289 42
98 76
286 72
175 83
30 28
91 15
229 24
120 86
276 88
297 30
123 52
226 5
32 48
242 19
105 95
277 73
73 48
203 1
109 6
261 72
163 100
117 88
136 98
153 89
298 14
48 56
203 29
79 70
281 25
79 80
4 62
225 35
213 5
288 40
53 33
154 54
154 39
29 37
72 43
189 59
232 59
123 81
244 100
284 79
249 19
237 7
207 25
291 89
134 65
166 99
38 33
147 14
172 84
186 60
163 54
91 7
285 45
82 78
154 46
162 92
220 60
266 60
65 22
89 92
273 50
115 87
277 86
65 35
110 34
184 5
207 78
272 72
271 29
117 5
170 23
12 33
250 25
251 83
154 94
280 47
2 7
46 59
274 10
143 40
13 79
274 46
162 50
128 24
45 82
259 30
95 49
295 46
299 59
115 29
45 33
118 30
202 79
116 23
1 79
1 264
1 216
1 42
1 54
1 252
1 196
1 279
1 160
1 85
1 107
1 191
1 146
1 117
1 144
1 225
1 53
1 147
1 17
1 169
1 11
1 222
1 198
1 219
1 154
1 80
1 64
1 134
1 214
1 40
1 9
1 171
1 255
1 276
1 143
1 156
1 206
1 112
1 288
1 31
1 269
1 241
1 43
1 149
1 253
1 258
1 136
1 58
1 39
1 23
1 194
1 193
1 142
1 19
1 20
1 236
1 232
1 186
1 235
1 97
1 204
1 257
1 55
1 175
1 259
1 60
1 14
1 228
1 224
1 115
1 271
1 166
1 126
1 120
1 71
1 116
1 294
1 213
1 108
1 195
1 185
1 190
1 127
1 52
1 210
1 100
1 109
1 70
1 101
1 278
1 226
1 250
1 152
1 61
1 88
1 295
1 168
1 45
1 265
1 245
1 84
1 240
1 178
1 151
1 63
1 181
1 262
1 32
1 202
1 246
1 174
1 10
1 59
1 35
1 218
1 157
1 15
1 29
1 163
1 68
1 275
1 128
1 261
1 37
1 16
1 98
1 220
1 44
1 72
1 33
1 277
1 297
1 73
1 199
1 51
1 254
1 205
1 260
1 251
1 135
1 131
1 293
1 56
1 209
1 155
1 102
1 233
1 244
1 12
1 122
1 4
1 289
1 177
1 249
1 189
1 208
1 133
1 188
1 292
1 89
1 57
1 281
1 106
1 274
1 74
1 91
1 138
1 65
1 110
1 203
1 230
1 237
1 46
1 212
1 167
1 148
1 99
1 137
1 298
1 96
1 139
1 41
1 82
1 93
1 132
1 179
1 119
1 300
1 158
1 22
1 239
1 296
1 21
1 69
1 176
1 247
1 47
1 153
1 81
1 13
1 161
1 283
1 170
1 268
1 92
1 182
1 299
1 103
1 75
1 66
1 285
1 184
1 217
1 124
1 49
1 105
1 121
1 48
1 211
1 90
1 94
1 2
1 243
1 165
1 130
1 187
1 215
1 172
1 125
1 129
1 76
1 62
1 77
1 201
1 180
1 26
1 207
1 36
1 162
1 8
1 173
1 234
1 263
1 291
1 30
1 282
1 197
1 150
1 256
1 290
1 183
1 118
1 270
1 200
1 159
1 242
1 223
1 227
1 86
1 28
1 192
1 7
1 280
1 273
1 87
1 248
1 95
1 104
1 111
1 140
1 287
1 266
1 24
1 272
1 3
1 113
1 83
1 164
1 231
1 67
1 50
1 27
1 284
1 25
1 34
1 38
1 78
1 123
1 141
1 267
1 286
1 114
1 18
1 221
1 229
1 145
1 238
1 6
1 5
