300 100
1 58
1 91
1 28
1 58
1 11
1 100
1 13
1 85
1 61
1 16
1 97
1 47
1 37
1 11
1 70
1 19
1 36
1 96
1 25
1 68
1 12
1 2
1 17
1 53
1 41
1 11
1 97
1 88
1 8
1 31
1 50
1 39
1 11
1 25
1 91
1 78
1 12
1 17
1 78
1 54
1 41
1 65
1 20
1 16
1 92
1 80
1 56
1 99
1 4
1 77
1 91
1 53
1 39
1 86
1 63
1 15
1 3
1 80
1 58
1 34
1 18
1 15
1 44
1 51
1 10
1 65
1 98
1 88
1 41
1 54
1 30
1 73
1 7
1 63
1 32
1 22
1 93
1 31
1 6
1 90
1 82
1 92
1 45
1 32
1 10
1 17
1 73
1 64
1 17
1 30
1 66
1 10
1 6
1 10
1 93
1 78
1 50
1 19
1 17
1 77
1 5
1 32
1 26
1 20
1 41
1 5
1 49
1 9
1 25
1 23
1 18
1 16
1 62
1 69
1 42
1 86
1 74
1 10
1 4
1 96
1 15
1 64
1 99
1 68
1 84
1 34
1 87
1 83
1 41
1 88
1 85
1 14
1 49
1 100
1 27
1 57
1 43
1 11
1 88
1 30
1 64
1 51
1 20
1 1
1 64
1 31
1 95
1 71
1 2
1 19
1 52
1 21
1 58
1 59
1 75
1 35
1 43
1 44
1 33
1 16
1 1
1 18
1 38
1 48
1 11
1 3
1 14
1 27
1 5
1 69
1 91
1 21
1 5
1 76
1 82
1 73
1 33
1 69
1 93
1 83
1 55
1 96
1 60
1 22
1 66
1 48
1 98
1 8
1 43
1 68
1 55
1 91
1 50
1 54
1 2
1 34
1 51
1 89
1 72
1 57
1 70
1 63
1 35
1 5
1 73
1 6
1 67
1 32
1 42
1 9
1 77
1 7
1 95
1 76
1 29
1 69
1 21
1 71
1 79
1 76
1 84
1 41
1 31
1 85
1 7
1 55
1 58
1 26
1 41
1 3
1 82
1 81
1 12
1 43
1 82
1 83
1 25
1 4
1 2
1 18
1 20
1 54
1 14
1 100
1 99
1 47
1 55
1 58
1 45
1 87
1 63
1 54
1 50
1 72
1 52
1 76
1 49
1 37
1 90
1 13
1 16
1 53
1 6
1 41
1 61
1 90
1 51
1 62
1 30
1 60
1 49
1 93
1 47
1 51
1 4
1 61
1 56
1 21
1 84
1 68
1 68
1 61
1 82
1 94
1 61
1 37
1 57
1 9
1 28
1 39
1 15
1 31
1 6
1 82
1 27
1 11
1 64
1 2
1 5
1 99
12 132
132 273
273 108
108 231
231 262
262 191
191 150
150 235
235 36
36 95
95 253
253 156
156 172
172 35
35 91
91 213
213 28
28 57
57 276
276 176
176 158
158 78
78 37
37 145
145 205
205 204
204 162
162 127
127 181
181 182
182 260
260 19
19 275
275 247
247 277
277 226
226 270
270 170
170 63
63 86
86 263
263 293
293 67
67 9
9 55
55 221
221 195
195 300
300 100
100 229
229 197
197 1
1 105
105 85
85 222
222 294
294 23
23 217
217 183
183 220
220 117
117 44
44 216
216 298
298 90
90 75
75 193
193 279
279 42
42 21
21 291
291 295
295 79
79 244
244 274
274 118
118 96
96 167
167 123
123 152
152 88
88 189
189 234
234 215
215 161
161 283
283 125
125 144
144 77
77 52
52 254
254 99
99 264
264 146
146 25
25 66
66 124
124 101
101 278
278 149
149 2
2 10
10 212
212 292
292 179
179 107
107 230
230 71
71 141
141 147
147 272
272 81
81 242
242 208
208 210
210 82
82 103
103 287
287 290
290 87
87 138
138 159
159 97
97 269
269 106
106 20
20 214
214 196
196 122
122 92
92 289
289 114
114 80
80 15
15 30
30 45
45 227
227 84
84 259
259 135
135 120
120 153
153 131
131 206
206 41
41 240
240 49
49 163
163 165
165 50
50 202
202 236
236 121
121 17
17 142
142 139
139 29
29 166
166 119
119 53
53 24
24 188
188 133
133 112
112 252
252 192
192 250
250 233
233 14
14 61
61 168
168 143
143 3
3 296
296 137
137 281
281 40
40 13
13 46
46 76
76 201
201 175
175 11
11 115
115 39
39 111
111 285
285 297
297 248
248 72
72 58
58 54
54 174
174 299
299 7
7 257
257 136
136 180
180 129
129 128
128 18
18 265
265 26
26 126
126 261
261 27
27 140
140 190
190 68
68 224
224 173
173 93
93 184
184 51
51 177
177 241
241 38
38 5
5 130
130 171
171 284
284 34
34 160
160 164
164 56
56 70
70 256
256 198
198 94
94 169
169 286
286 4
4 245
245 232
232 211
211 22
22 65
65 148
148 74
74 200
200 178
178 64
64 225
225 151
151 228
228 62
62 73
73 280
280 266
266 203
203 60
60 243
243 249
249 154
154 32
32 209
209 271
271 288
288 31
31 207
207 238
238 98
98 33
33 246
246 199
199 109
109 69
69 48
48 239
239 8
8 282
282 157
157 134
134 59
59 113
113 116
116 251
251 185
185 258
258 43
43 237
237 219
219 102
102 89
89 267
267 218
218 194
194 187
187 110
110 268
268 186
186 83
83 16
16 104
104 47
47 155
155 223
223 255
255 6
