100 10
1 69
1 16
1 80
1 89
1 36
1 36
1 26
1 68
1 75
1 7
1 65
1 57
1 14
1 18
1 93
1 30
1 21
1 74
1 5
1 15
1 73
1 27
1 46
1 16
1 53
1 9
1 43
1 71
1 38
1 19
1 79
1 30
1 24
1 35
1 76
1 87
1 24
1 28
1 100
1 63
1 19
1 2
1 6
1 1
1 15
1 49
1 17
1 66
1 25
1 92
1 80
1 32
1 47
1 1
1 40
1 56
1 19
1 35
1 21
1 72
1 68
1 67
1 17
1 71
1 37
1 55
1 66
1 67
1 13
1 68
1 53
1 19
1 3
1 88
1 100
1 44
1 62
1 87
1 90
1 58
1 91
1 79
1 29
1 73
1 47
1 88
1 69
1 76
1 16
1 20
1 20
1 48
1 57
1 51
1 33
1 32
1 77
1 55
1 46
1 52
12 91
12 27
12 42
12 26
12 28
12 78
91 46
91 38
91 84
91 15
91 63
91 90
91 24
46 82
46 67
38 65
38 17
27 88
27 64
27 40
42 79
42 25
42 50
42 44
79 34
79 66
26 75
88 93
88 55
88 53
65 11
64 35
64 8
35 83
35 85
35 60
35 37
35 39
84 47
40 62
63 92
63 19
62 74
62 89
82 57
82 52
82 33
83 21
57 58
93 18
93 94
93 31
25 7
75 43
75 81
75 98
43 41
43 30
43 95
52 69
90 59
90 73
55 10
55 87
55 56
11 29
11 86
92 22
92 97
92 48
86 5
86 72
10 1
1 100
50 23
5 6
5 49
85 68
59 14
22 36
94 61
94 54
72 77
81 45
81 20
81 96
44 9
17 99
61 76
9 13
37 16
37 32
100 51
6 70
51 71
56 2
54 80
54 4
68 3
