300 300
128 48
1 42
128 78
4 99
16 81
64 62
256 55
128 60
256 47
32 43
256 31
2 2
1 73
4 33
1 87
256 15
32 16
32 42
2 48
16 45
128 15
32 92
1 53
128 83
16 74
8 89
8 80
4 75
1 84
2 77
128 8
16 95
64 30
8 12
64 7
2 86
64 90
2 51
128 19
16 61
128 13
32 12
32 11
1 97
64 100
32 66
8 16
1 86
2 62
2 23
8 52
2 51
64 57
4 65
16 51
4 82
8 87
32 17
2 65
1 16
8 98
2 38
1 69
256 36
128 58
8 76
256 66
2 4
8 55
8 9
8 89
2 57
16 63
4 14
64 82
8 16
128 4
16 17
1 17
32 79
32 98
128 15
8 6
1 35
64 48
256 49
8 89
16 78
2 58
16 63
16 11
128 47
2 75
16 76
1 93
8 41
128 6
4 12
2 22
16 55
4 98
256 73
4 94
4 29
1 11
256 37
64 22
1 93
64 35
2 76
8 34
32 48
32 60
64 97
128 83
4 80
8 27
1 55
256 59
4 68
16 29
256 90
256 6
1 89
2 42
32 26
1 50
32 45
16 3
8 79
8 60
256 17
4 37
1 91
4 88
2 59
1 96
32 24
4 36
128 54
64 12
256 31
64 52
4 48
64 53
2 8
8 24
16 8
64 42
64 79
64 9
8 94
2 21
4 6
1 11
256 65
64 56
2 63
1 23
4 99
32 44
128 94
2 12
256 40
64 27
2 32
32 9
4 93
1 74
16 82
128 25
128 89
1 2
32 25
4 94
16 13
8 41
128 23
64 84
8 50
4 46
32 35
64 25
1 66
128 86
16 12
32 48
256 12
64 13
32 31
2 76
1 20
256 68
256 56
32 95
2 77
1 91
128 19
4 62
1 64
2 41
4 87
256 23
128 47
2 7
8 42
64 64
32 67
64 58
4 46
2 60
8 96
2 35
128 89
128 21
16 75
32 86
256 69
8 19
4 100
16 41
2 28
16 52
64 94
64 82
8 77
16 97
16 75
4 67
256 40
1 2
128 54
4 25
32 54
16 59
256 15
128 1
2 90
8 44
128 74
16 50
256 46
64 73
4 39
128 54
16 31
4 37
32 93
64 94
32 27
64 82
8 85
64 75
8 32
256 18
128 77
256 66
64 37
1 87
32 67
1 76
8 40
32 35
32 82
1 13
256 40
16 12
8 79
4 29
1 94
128 96
1 5
4 37
64 62
4 8
32 94
4 72
2 28
128 11
2 15
256 70
16 36
64 4
2 74
16 85
4 58
128 84
32 10
16 84
16 25
256 93
256 28
16 28
256 30
8 5
32 49
1 68
256 26
128 89
256 42
29 213
29 181
29 128
29 235
29 78
29 167
213 177
213 115
213 250
181 27
181 220
181 137
181 291
27 267
27 166
27 42
27 163
27 193
27 50
267 274
267 77
267 257
267 218
267 269
128 124
128 36
128 64
128 296
128 268
274 72
274 41
274 80
77 120
77 147
257 13
257 38
257 264
257 227
13 239
13 150
13 143
13 126
166 229
166 9
166 92
166 187
166 270
166 113
166 251
177 195
177 110
177 292
235 149
235 165
195 122
195 253
149 256
149 76
149 8
149 3
149 104
115 28
115 293
115 174
115 259
115 237
218 183
218 63
218 178
124 130
124 68
72 123
72 171
28 25
28 138
239 2
25 209
42 262
150 119
41 60
9 175
9 20
9 125
9 272
9 11
9 10
2 144
2 48
220 243
262 282
293 71
293 208
293 4
174 196
174 204
174 266
174 141
183 61
183 94
183 194
183 190
92 87
92 70
119 182
119 168
119 108
63 179
63 88
63 33
63 287
163 53
163 297
175 59
175 252
87 214
87 31
87 156
87 145
20 157
187 169
187 159
187 153
179 242
214 299
214 114
214 84
214 221
242 234
242 103
242 1
242 24
242 112
242 57
137 197
137 212
137 105
196 173
120 98
120 134
120 203
120 277
120 109
147 273
147 245
264 281
264 275
143 188
143 111
299 16
123 172
197 73
130 276
282 152
282 55
282 93
182 216
182 255
182 75
182 45
157 62
157 202
157 5
204 295
292 74
292 35
292 201
292 83
74 210
74 228
55 21
55 284
234 283
114 248
114 223
31 280
156 12
156 185
134 279
125 225
125 86
61 186
61 236
61 263
78 205
78 191
248 288
35 99
35 117
256 135
256 258
256 289
256 184
193 32
201 261
201 82
201 247
103 211
103 65
71 37
71 14
276 265
145 241
145 199
172 224
62 81
62 278
62 89
62 23
62 66
210 231
210 102
70 133
178 230
169 79
169 116
133 44
186 132
186 246
167 95
167 129
165 271
165 222
1 206
132 217
132 107
159 154
159 6
135 161
135 300
212 56
212 46
223 148
223 85
24 232
64 39
64 226
270 54
211 298
76 215
227 200
209 7
209 40
8 219
8 238
8 91
255 43
93 26
252 97
225 127
39 67
188 290
188 254
280 151
37 15
272 100
295 162
295 160
290 19
11 139
26 47
26 260
241 51
241 233
3 90
3 22
122 294
47 286
288 176
144 121
226 136
32 146
286 18
51 34
243 52
287 164
194 142
79 140
205 180
203 118
297 17
113 249
102 155
185 198
298 285
184 49
199 192
22 240
45 244
254 58
43 30
109 207
82 69
245 101
155 106
247 189
263 131
237 158
279 170
160 96
