100 300
1 87
1 79
1 34
1 44
1 23
1 54
1 43
1 71
1 36
1 33
1 62
1 86
1 89
1 29
1 89
1 10
1 38
1 68
1 54
1 32
1 67
1 46
1 98
1 54
1 54
1 20
1 80
1 46
1 53
1 24
1 9
1 80
1 37
1 83
1 71
1 74
1 16
1 51
1 83
1 79
1 15
1 66
1 85
1 13
1 32
1 12
1 11
1 94
1 27
1 33
1 17
1 37
1 46
1 73
1 84
1 95
1 22
1 10
1 53
1 81
1 20
1 67
1 51
1 66
1 87
1 81
1 78
1 79
1 17
1 84
1 73
1 18
1 86
1 10
1 79
1 78
1 76
1 76
1 4
1 3
1 29
1 88
1 12
1 31
1 61
1 1
1 22
1 37
1 71
1 13
1 95
1 22
1 20
1 69
1 87
1 22
1 41
1 21
1 42
1 40
14 93
14 45
14 66
14 57
14 81
14 44
14 70
14 48
14 2
14 76
14 39
14 51
14 94
14 87
14 33
14 56
14 21
14 16
14 6
14 54
14 43
14 77
14 30
14 55
14 1
14 38
14 84
14 78
14 95
14 65
14 29
14 17
14 62
14 22
14 100
14 12
14 13
14 8
14 63
14 69
14 99
14 71
14 90
14 42
14 10
14 61
14 7
14 60
14 28
14 9
14 46
14 50
14 27
14 75
14 34
14 35
14 37
14 20
14 23
14 41
14 79
14 11
14 36
14 32
14 68
14 91
14 53
14 85
14 4
14 72
14 74
14 5
14 47
14 89
14 15
14 98
14 18
14 26
14 25
14 80
14 59
14 19
14 67
14 86
14 83
14 73
14 31
14 58
14 3
14 96
14 24
14 88
14 64
14 40
14 52
14 82
14 49
14 97
14 92
