300 100
1 53
1 53
1 3
1 21
1 81
1 35
1 14
1 76
1 37
1 9
1 27
1 91
1 55
1 44
1 73
1 91
1 92
1 64
1 60
1 89
1 56
1 82
1 74
1 52
1 73
1 28
1 25
1 92
1 64
1 82
1 54
1 59
1 46
1 66
1 8
1 46
1 61
1 36
1 25
1 73
1 4
1 13
1 12
1 97
1 3
1 54
1 4
1 36
1 1
1 24
1 90
1 37
1 93
1 9
1 45
1 37
1 54
1 39
1 48
1 53
1 80
1 36
1 50
1 87
1 94
1 23
1 71
1 82
1 30
1 63
1 33
1 27
1 77
1 73
1 67
1 34
1 42
1 98
1 82
1 80
1 5
1 54
1 16
1 59
1 62
1 92
1 87
1 35
1 10
1 53
1 88
1 63
1 15
1 45
1 90
1 33
1 74
1 76
1 33
1 57
1 67
1 23
1 45
1 65
1 88
1 58
1 94
1 43
1 78
1 64
1 1
1 40
1 4
1 20
1 91
1 70
1 73
1 86
1 28
1 90
1 12
1 57
1 82
1 8
1 28
1 37
1 71
1 4
1 62
1 91
1 34
1 33
1 98
1 32
1 43
1 85
1 78
1 82
1 30
1 11
1 62
1 72
1 24
1 45
1 96
1 26
1 1
1 92
1 77
1 91
1 2
1 68
1 63
1 35
1 30
1 41
1 68
1 41
1 16
1 66
1 13
1 41
1 6
1 15
1 27
1 91
1 72
1 82
1 77
1 23
1 60
1 51
1 24
1 47
1 53
1 15
1 42
1 5
1 88
1 64
1 84
1 70
1 6
1 56
1 62
1 46
1 3
1 37
1 94
1 77
1 52
1 55
1 57
1 44
1 18
1 64
1 54
1 83
1 75
1 48
1 67
1 15
1 44
1 13
1 53
1 58
1 96
1 70
1 69
1 82
1 45
1 62
1 64
1 43
1 93
1 63
1 86
1 40
1 43
1 96
1 65
1 42
1 75
1 68
1 43
1 79
1 81
1 74
1 9
1 1
1 74
1 9
1 97
1 65
1 96
1 11
1 76
1 81
1 32
1 69
1 93
1 51
1 74
1 37
1 68
1 66
1 72
1 19
1 87
1 70
1 92
1 42
1 57
1 50
1 73
1 80
1 15
1 19
1 57
1 59
1 85
1 77
1 43
1 85
1 93
1 5
1 42
1 69
1 84
1 68
1 60
1 74
1 1
1 55
1 19
1 47
1 8
1 41
1 95
1 6
1 50
1 100
1 36
1 29
1 18
1 36
1 58
1 75
1 32
1 82
1 28
1 39
1 19
1 56
1 10
1 22
1 39
1 62
1 1
1 5
10 168
10 244
10 65
10 141
10 221
10 268
10 262
10 71
10 16
168 260
168 153
168 234
168 255
168 248
168 3
244 76
244 19
244 269
244 167
244 239
244 127
244 66
244 161
244 222
260 160
260 12
260 115
260 147
76 290
76 137
76 62
76 158
153 211
153 256
153 133
153 164
153 207
153 238
19 162
162 72
162 250
290 208
137 85
137 154
137 23
137 270
65 28
28 81
28 265
28 49
28 35
154 60
154 40
154 254
154 295
154 30
154 31
154 229
72 130
72 67
211 70
211 149
211 68
60 121
60 157
60 134
62 181
62 194
62 92
62 246
62 7
62 274
141 56
141 2
141 64
141 215
269 296
269 227
269 190
81 231
81 284
158 34
160 273
181 237
234 271
234 226
40 202
273 93
273 108
273 36
273 18
273 47
273 155
121 206
121 132
121 101
121 209
121 228
231 13
93 14
93 266
93 185
93 24
23 289
256 69
256 111
167 292
167 20
167 261
167 159
108 54
108 177
108 220
108 120
108 174
14 282
14 25
14 140
194 184
239 41
239 139
239 144
239 146
206 99
206 73
12 276
12 5
12 156
221 4
56 166
56 136
292 243
292 74
292 53
132 258
227 88
227 235
54 82
20 249
88 286
88 84
88 205
88 195
266 291
70 150
70 225
254 187
127 213
34 198
34 104
177 232
177 280
133 21
133 32
21 216
295 278
36 89
36 201
36 63
30 100
246 126
246 128
246 11
246 91
7 50
7 281
7 61
126 105
255 124
265 169
265 57
128 152
258 27
258 97
101 94
101 251
74 170
115 272
91 197
185 15
282 22
289 112
289 87
289 39
289 285
278 116
278 123
2 45
284 212
149 55
89 267
89 191
89 183
235 44
261 196
169 1
169 171
220 247
99 58
99 119
97 46
197 224
57 252
201 283
45 122
170 173
170 294
170 298
170 9
268 75
190 218
249 52
283 48
66 199
66 297
144 259
49 180
207 106
24 109
156 223
156 117
156 77
156 219
156 79
208 253
157 186
157 236
48 59
48 110
22 131
22 6
109 145
112 143
64 279
216 189
59 287
82 264
82 242
82 299
82 95
63 129
134 178
134 78
213 135
196 300
196 29
3 103
228 86
287 148
242 179
242 175
110 275
110 240
174 8
1 37
275 163
275 17
100 192
189 204
129 263
129 200
150 118
191 42
263 230
263 38
263 43
42 107
124 182
215 293
94 176
94 33
240 125
240 142
159 245
294 98
123 188
298 138
298 172
291 114
180 217
180 96
180 90
180 26
293 80
152 257
77 83
111 288
219 51
131 102
245 233
138 113
83 193
172 151
172 210
146 241
198 165
80 203
96 214
279 277
