300 10
1 19
1 13
1 84
1 31
1 51
1 81
1 65
1 64
1 21
1 11
1 38
1 55
1 17
1 4
1 17
1 5
1 3
1 18
1 36
1 76
1 52
1 67
1 10
1 100
1 21
1 86
1 11
1 52
1 79
1 38
1 23
1 84
1 55
1 92
1 47
1 57
1 48
1 26
1 26
1 23
1 3
1 67
1 40
1 45
1 94
1 77
1 90
1 20
1 71
1 84
1 61
1 1
1 55
1 21
1 44
1 31
1 86
1 35
1 66
1 65
1 70
1 73
1 88
1 88
1 23
1 11
1 75
1 51
1 53
1 46
1 81
1 10
1 66
1 94
1 1
1 4
1 80
1 22
1 17
1 61
1 40
1 58
1 74
1 62
1 87
1 7
1 70
1 5
1 77
1 47
1 78
1 11
1 93
1 7
1 34
1 56
1 65
1 42
1 20
1 15
1 100
1 87
1 32
1 48
1 92
1 84
1 78
1 83
1 20
1 54
1 96
1 21
1 9
1 75
1 79
1 51
1 58
1 8
1 78
1 66
1 83
1 70
1 92
1 17
1 47
1 64
1 94
1 18
1 51
1 62
1 67
1 42
1 60
1 46
1 89
1 25
1 5
1 78
1 44
1 28
1 67
1 96
1 22
1 97
1 74
1 22
1 64
1 50
1 33
1 96
1 30
1 81
1 85
1 35
1 69
1 32
1 96
1 51
1 34
1 11
1 51
1 36
1 88
1 84
1 62
1 81
1 66
1 47
1 22
1 34
1 42
1 48
1 79
1 6
1 3
1 15
1 3
1 94
1 88
1 70
1 47
1 91
1 52
1 3
1 95
1 29
1 56
1 3
1 48
1 19
1 47
1 37
1 39
1 57
1 44
1 3
1 77
1 88
1 32
1 74
1 57
1 21
1 1
1 86
1 65
1 8
1 49
1 51
1 65
1 47
1 93
1 65
1 80
1 70
1 62
1 25
1 86
1 21
1 37
1 24
1 58
1 48
1 64
1 71
1 73
1 51
1 15
1 79
1 49
1 35
1 32
1 74
1 20
1 40
1 85
1 57
1 22
1 17
1 68
1 8
1 78
1 68
1 69
1 3
1 33
1 82
1 85
1 90
1 56
1 73
1 18
1 24
1 92
1 97
1 8
1 12
1 99
1 26
1 34
1 5
1 37
1 69
1 21
1 2
1 56
1 75
1 17
1 4
1 89
1 69
1 70
1 39
1 82
1 41
1 87
1 54
1 51
1 22
1 78
1 99
1 84
1 64
1 86
1 41
1 28
1 53
1 84
1 79
1 85
1 88
1 54
1 36
1 22
1 76
1 43
1 47
1 18
1 85
1 63
1 34
89 216
89 274
216 235
216 73
274 135
274 134
235 191
235 8
73 221
73 95
135 97
135 228
134 46
134 165
191 241
191 293
8 11
8 193
221 236
221 215
95 138
95 14
97 31
97 166
228 255
228 227
46 72
46 36
165 137
165 58
241 291
241 289
293 288
293 76
11 155
11 69
193 39
193 160
236 185
236 229
215 79
215 209
138 10
138 5
14 71
14 186
31 6
31 81
166 178
166 190
255 38
255 148
227 78
227 251
72 232
72 67
36 254
36 180
137 51
137 26
58 192
58 85
291 268
291 284
289 164
289 176
288 140
288 246
76 260
76 152
155 77
155 44
69 189
69 43
39 141
39 162
160 106
160 158
185 279
185 12
229 118
229 150
79 27
79 40
209 122
209 24
10 25
10 277
5 223
5 15
71 109
71 286
186 237
186 123
6 214
6 226
81 184
81 136
178 105
178 61
190 86
190 7
38 220
38 142
148 45
148 82
78 9
78 54
251 56
251 108
232 275
232 13
67 90
67 147
254 247
254 103
180 104
180 119
51 125
51 239
26 87
26 224
192 157
192 110
85 219
85 256
268 57
268 174
284 263
284 121
164 240
164 264
176 131
176 88
140 298
140 59
246 64
246 266
260 173
260 179
152 126
152 273
77 177
77 249
44 259
44 116
189 210
189 92
43 287
43 297
141 205
141 19
162 42
162 107
106 18
106 139
158 21
158 294
279 22
279 222
12 225
12 285
118 145
118 91
150 159
150 130
27 265
27 211
40 252
40 4
122 146
122 93
24 182
24 30
25 28
25 300
277 248
277 234
223 113
223 115
15 270
15 48
109 63
109 271
286 295
286 283
237 128
237 230
123 181
123 243
214 199
214 20
226 282
226 149
184 53
184 278
136 2
136 198
105 218
105 244
61 213
61 170
86 17
86 1
7 151
7 171
220 242
220 167
142 111
142 65
45 83
45 132
82 143
82 197
9 35
9 98
54 207
54 62
56 276
56 272
108 161
108 175
275 100
275 245
13 183
13 238
90 280
90 253
147 281
147 290
247 129
247 55
103 188
103 202
104 47
104 74
119 156
119 212
125 16
125 144
239 34
239 112
87 29
87 231
224 258
224 194
157 68
157 262
110 153
110 133
219 23
219 250
256 49
256 117
57 206
57 124
174 41
174 127
263 3
263 80
121 102
121 96
240 296
240 120
264 187
264 208
131 60
131 217
88 269
88 261
298 292
298 201
59 172
59 114
64 299
64 169
266 32
266 195
173 52
173 163
179 75
179 37
126 70
126 200
273 257
273 84
177 99
177 66
249 94
249 154
259 196
259 33
116 168
116 203
210 101
210 204
92 233
92 50
287 267
