300 10
1 94
1 33
1 93
1 51
1 34
1 5
1 72
1 76
1 1
1 10
1 73
1 19
1 89
1 32
1 13
1 22
1 40
1 62
1 35
1 74
1 48
1 12
1 70
1 12
1 32
1 85
1 27
1 83
1 88
1 58
1 42
1 100
1 75
1 24
1 24
1 39
1 71
1 46
1 7
1 93
1 78
1 70
1 52
1 51
1 69
1 61
1 53
1 98
1 28
1 94
1 22
1 51
1 27
1 9
1 8
1 25
1 12
1 47
1 32
1 16
1 31
1 52
1 40
1 27
1 50
1 61
1 7
1 18
1 63
1 82
1 24
1 10
1 9
1 48
1 69
1 90
1 5
1 1
1 91
1 64
1 78
1 13
1 1
1 66
1 91
1 17
1 45
1 93
1 29
1 77
1 95
1 88
1 88
1 92
1 81
1 71
1 41
1 2
1 48
1 51
1 31
1 73
1 65
1 68
1 93
1 91
1 49
1 41
1 58
1 28
1 13
1 59
1 81
1 41
1 36
1 35
1 90
1 88
1 70
1 43
1 31
1 97
1 57
1 46
1 44
1 75
1 44
1 28
1 44
1 8
1 61
1 16
1 30
1 55
1 13
1 100
1 64
1 9
1 45
1 59
1 53
1 68
1 15
1 29
1 13
1 13
1 18
1 27
1 58
1 77
1 9
1 11
1 43
1 15
1 96
1 40
1 99
1 99
1 90
1 12
1 15
1 70
1 65
1 75
1 24
1 1
1 48
1 88
1 16
1 73
1 3
1 43
1 96
1 89
1 32
1 4
1 78
1 97
1 43
1 4
1 32
1 40
1 69
1 3
1 74
1 48
1 58
1 84
1 47
1 61
1 7
1 86
1 56
1 28
1 50
1 95
1 40
1 61
1 93
1 38
1 93
1 53
1 88
1 10
1 28
1 14
1 23
1 71
1 89
1 67
1 33
1 43
1 38
1 73
1 91
1 28
1 9
1 79
1 30
1 15
1 89
1 3
1 86
1 96
1 89
1 55
1 43
1 8
1 9
1 72
1 82
1 41
1 62
1 8
1 53
1 77
1 2
1 50
1 36
1 9
1 70
1 5
1 46
1 89
1 28
1 76
1 72
1 21
1 2
1 90
1 11
1 80
1 92
1 62
1 43
1 17
1 63
1 98
1 16
1 49
1 29
1 100
1 66
1 50
1 51
1 95
1 94
1 91
1 51
1 22
1 93
1 45
1 6
1 74
1 12
1 76
1 24
1 5
1 93
1 69
1 18
1 21
1 4
1 80
1 66
1 79
1 45
1 27
1 31
1 9
1 9
1 9
1 100
1 30
1 64
1 5
1 67
1 78
1 82
1 89
224 272
272 67
67 160
160 2
2 273
273 10
10 58
58 188
188 71
71 113
113 181
181 254
254 295
295 139
139 195
195 33
33 164
164 209
209 5
5 132
132 173
173 218
218 189
189 270
270 197
197 65
65 104
104 11
11 185
185 110
110 36
36 286
286 68
68 126
126 64
64 70
70 228
228 149
149 166
166 203
203 204
204 17
17 41
41 38
38 43
43 259
259 210
210 140
140 190
190 21
21 256
256 202
202 261
261 172
172 50
50 117
117 14
14 100
100 162
162 278
278 60
60 274
274 235
235 76
76 214
214 69
69 25
25 252
252 125
125 97
97 6
6 32
32 198
198 53
53 91
91 216
216 163
163 116
116 177
177 108
108 8
8 119
119 199
199 232
232 255
255 34
34 127
127 98
98 73
73 193
193 128
128 265
265 217
217 155
155 283
283 236
236 93
93 187
187 12
12 239
239 131
131 133
133 299
299 241
241 90
90 207
207 153
153 297
297 191
191 194
194 28
28 253
253 240
240 186
186 175
175 276
276 144
144 24
24 159
159 150
150 154
154 142
142 296
296 39
39 257
257 179
179 137
137 182
182 63
63 156
156 231
231 51
51 277
277 233
233 52
52 247
247 292
292 174
174 111
111 183
183 15
15 82
82 87
87 146
146 7
7 84
84 282
282 124
124 260
260 120
120 170
170 211
211 148
148 212
212 293
293 215
215 158
158 220
220 289
289 141
141 136
136 244
244 245
245 161
161 31
31 40
40 250
250 9
9 35
35 54
54 165
165 123
123 49
49 45
45 294
294 157
157 78
78 114
114 281
281 4
4 86
86 62
62 167
167 105
105 134
134 145
145 262
262 83
83 130
130 238
238 121
121 246
246 180
180 251
251 77
77 102
102 26
26 143
143 176
176 88
88 18
18 109
109 258
258 267
267 61
61 46
46 268
268 96
96 92
92 221
221 101
101 106
106 192
192 48
48 284
284 219
219 79
79 80
80 42
42 74
74 55
55 206
206 237
237 151
151 112
112 226
226 3
3 103
103 115
115 205
205 200
200 275
275 23
23 75
75 288
288 44
44 300
300 227
227 30
30 248
248 184
184 280
280 263
263 85
85 290
290 298
298 222
222 223
223 279
279 19
19 89
89 269
269 208
208 168
168 230
230 13
13 57
57 107
107 47
47 178
178 243
243 129
129 242
242 122
122 20
20 264
264 285
285 147
147 213
213 171
171 249
249 59
59 1
1 99
99 95
95 266
266 94
94 234
234 72
72 37
37 225
225 287
287 291
291 27
27 16
16 271
271 196
196 56
56 66
66 152
152 81
81 169
169 22
22 229
229 138
138 201
201 118
118 29
29 135
