3 993
0 0
1000 500
0 1000
0 0
1000 500
0 1000
11 383
0 954
806 403
806 404
806 402
636 628
0 826
880 440
880 441
880 439
701 686
0 957
250 125
250 126
250 124
137 469
0 341
180 90
180 91
180 89
638 267
0 495
770 385
770 386
770 384
723 110
0 577
46 23
46 24
46 22
250 56
0 224
446 223
446 224
446 222
948 879
0 555
480 240
480 241
480 239
629 612
0 128
278 139
278 140
278 138
299 458
0 699
924 462
924 463
924 461
181 850
0 160
942 471
942 472
942 470
907 827
0 19
720 360
720 361
720 359
960 111
0 924
890 445
890 446
890 444
700 849
0 915
702 351
702 352
702 350
161 180
0 549
668 334
668 335
668 333
892 527
0 788
822 411
822 412
822 410
55 410
0 570
412 206
412 207
412 205
48 356
0 309
674 337
674 338
674 336
733 903
0 316
664 332
664 333
664 331
345 918
0 981
966 483
966 484
966 482
688 618
0 355
530 265
530 266
530 264
742 453
0 489
900 450
900 451
900 449
204 898
0 531
798 399
798 400
798 398
782 762
0 425
134 67
134 68
134 66
581 459
0 472
414 207
414 208
414 206
286 423
0 979
660 330
660 331
660 329
800 383
0 240
938 469
938 470
938 468
0 336
0 361
992 496
992 497
992 495
966 547
0 151
332 166
332 167
332 165
387 937
0 65
210 105
210 106
210 104
124 886
0 658
830 415
830 416
830 414
197 436
0 716
638 319
638 320
638 318
236 754
0 408
300 150
300 151
300 149
522 296
0 271
416 208
416 209
416 207
336 436
0 354
582 291
582 292
582 290
812 585
0 941
190 95
190 96
190 94
575 486
0 573
734 367
734 368
734 366
982 471
0 380
884 442
884 443
884 441
85 554
0 754
198 99
198 100
198 98
610 861
0 608
754 377
754 378
754 376
639 232
0 894
634 317
634 318
634 316
110 102
0 785
896 448
896 449
896 447
592 661
0 380
286 143
286 144
286 142
333 575
0 492
388 194
388 195
388 193
281 756
0 60
218 109
218 110
218 108
702 786
0 639
312 156
312 157
312 155
3 704
0 526
34 17
34 18
34 16
840 134
0 975
136 68
136 69
136 67
968 319
0 775
856 428
856 429
856 427
28 751
0 207
980 490
980 491
980 489
357 323
0 213
812 406
812 407
812 405
47 35
0 640
122 61
122 62
122 60
395 668
0 107
904 452
904 453
904 451
642 673
0 447
110 55
110 56
110 54
359 106
0 238
462 231
462 232
462 230
86 235
0 646
4 2
4 3
4 1
770 951
0 798
508 254
508 255
508 253
238 923
0 204
110 55
110 56
110 54
502 275
0 98
220 110
220 111
220 109
252 323
0 468
714 357
714 358
714 356
230 830
0 395
698 349
698 350
698 348
797 467
0 855
4 2
4 3
4 1
909 282
0 112
798 399
798 400
798 398
805 467
0 716
228 114
228 115
228 113
140 898
0 947
542 271
542 272
542 270
537 677
0 377
52 26
52 27
52 25
845 7
0 95
382 191
382 192
382 190
611 277
0 755
462 231
462 232
462 230
895 679
0 658
58 29
58 30
58 28
926 448
0 257
490 245
490 246
490 244
241 80
0 329
328 164
328 165
328 163
314 811
0 606
996 498
996 499
996 497
32 232
0 54
772 386
772 387
772 385
518 677
0 187
164 82
164 83
164 81
506 115
0 767
732 366
732 367
732 365
835 115
0 308
436 218
436 219
436 217
601 951
0 113
832 416
832 417
832 415
299 467
0 575
40 20
40 21
40 19
736 748
0 907
404 202
404 203
404 201
683 677
0 239
22 11
22 12
22 10
564 79
0 41
766 383
766 384
766 382
563 705
0 307
636 318
636 319
636 317
63 616
0 728
686 343
686 344
686 342
481 603
0 626
380 190
380 191
380 189
200 892
0 161
614 307
614 308
614 306
609 351
0 263
866 433
866 434
866 432
356 293
0 937
176 88
176 89
176 87
360 7
0 664
66 33
66 34
66 32
354 477
0 209
98 49
98 50
98 48
705 34
0 441
484 242
484 243
484 241
899 643
0 791
698 349
698 350
698 348
92 247
0 266
916 458
916 459
916 457
864 532
0 659
694 347
694 348
694 346
216 828
0 576
568 284
568 285
568 283
22 625
0 145
778 389
778 390
778 388
660 873
0 364
62 31
62 32
62 30
801 499
0 699
348 174
348 175
348 173
693 262
0 198
968 484
968 485
968 483
815 120
0 781
584 292
584 293
584 291
188 43
0 612
540 270
540 271
540 269
103 405
0 227
734 367
734 368
734 366
410 406
0 456
130 65
130 66
130 64
243 112
0 113
670 335
670 336
670 334
237 296
0 911
532 266
532 267
532 265
198 428
0 306
778 389
778 390
778 388
961 872
0 336
202 101
202 102
202 100
801 374
0 253
472 236
472 237
472 235
241 865
0 413
474 237
474 238
474 236
200 495
0 996
2 1
2 2
2 0
124 284
0 439
728 364
728 365
728 363
440 709
0 963
322 161
322 162
322 160
835 611
0 814
200 100
200 101
200 99
613 843
0 576
746 373
746 374
746 372
101 291
0 661
480 240
480 241
480 239
124 237
0 211
936 468
936 469
936 467
172 281
0 263
450 225
450 226
450 224
675 881
0 80
94 47
94 48
94 46
3 67
0 416
548 274
548 275
548 273
599 447
0 796
234 117
234 118
234 116
925 603
0 431
114 57
114 58
114 56
623 399
0 649
306 153
306 154
306 152
197 692
0 862
988 494
988 495
988 493
15 921
0 544
914 457
914 458
914 456
655 427
0 830
902 451
902 452
902 450
258 571
0 557
644 322
644 323
644 321
256 57
0 159
696 348
696 349
696 347
652 321
0 282
670 335
670 336
670 334
408 99
0 179
30 15
30 16
30 14
601 505
0 784
366 183
366 184
366 182
634 469
0 859
890 445
890 446
890 444
57 351
0 875
390 195
390 196
390 194
970 263
0 393
456 228
456 229
456 227
819 101
0 705
460 230
460 231
460 229
349 454
0 310
854 427
854 428
854 426
476 325
0 832
288 144
288 145
288 143
398 578
0 797
386 193
386 194
386 192
355 508
0 986
722 361
722 362
722 360
46 752
0 768
178 89
178 90
178 88
421 801
0 8
794 397
794 398
794 396
465 95
0 781
996 498
996 499
996 497
56 531
0 230
850 425
850 426
850 424
406 553
0 755
662 331
662 332
662 330
184 222
0 717
134 67
134 68
134 66
844 824
0 496
686 343
686 344
686 342
981 917
0 45
656 328
656 329
656 327
859 920
0 188
164 82
164 83
164 81
255 360
0 799
790 395
790 396
790 394
520 354
0 768
308 154
308 155
308 153
202 936
0 491
774 387
774 388
774 386
400 253
0 620
768 384
768 385
768 383
618 819
0 374
976 488
976 489
976 487
370 271
0 638
468 234
468 235
468 233
595 520
0 523
760 380
760 381
760 379
532 81
0 731
246 123
246 124
246 122
639 189
0 678
430 215
430 216
430 214
195 630
0 27
130 65
130 66
130 64
260 61
0 698
734 367
734 368
734 366
948 742
0 41
200 100
200 101
200 99
912 855
0 324
814 407
814 408
814 406
411 601
0 973
208 104
208 105
208 103
897 349
0 446
858 429
858 430
858 428
428 752
0 881
924 462
924 463
924 461
923 228
0 809
434 217
434 218
434 216
958 100
0 964
542 271
542 272
542 270
830 182
0 346
686 343
686 344
686 342
145 90
0 674
626 313
626 314
626 312
208 45
0 6
336 168
336 169
336 167
719 257
0 609
840 420
840 421
840 419
823 124
0 388
252 126
252 127
252 125
602 353
0 505
838 419
838 420
838 418
261 156
0 260
792 396
792 397
792 395
934 912
0 94
120 60
120 61
120 59
257 340
0 146
870 435
870 436
870 434
891 71
0 946
710 355
710 356
710 354
434 417
0 530
444 222
444 223
444 221
442 388
0 64
468 234
468 235
468 233
437 433
0 902
402 201
402 202
402 200
947 665
0 386
800 400
800 401
800 399
105 83
0 173
88 44
88 45
88 43
318 861
0 846
182 91
182 92
182 90
901 186
0 292
364 182
364 183
364 181
778 390
0 958
188 94
188 95
188 93
355 193
0 481
46 23
46 24
46 22
728 785
0 223
248 124
248 125
248 123
547 376
0 254
756 378
756 379
756 377
25 192
0 848
574 287
574 288
574 286
683 40
0 254
958 479
958 480
958 478
817 138
0 19
602 301
602 302
602 300
167 346
0 708
402 201
402 202
402 200
697 241
0 514
646 323
646 324
646 322
275 695
0 282
450 225
450 226
450 224
968 284
0 97
450 225
450 226
450 224
520 608
0 385
612 306
612 307
612 305
264 223
0 475
564 282
564 283
564 281
733 984
0 846
18 9
18 10
18 8
646 630
0 91
550 275
550 276
550 274
894 210
0 116
250 125
250 126
250 124
231 204
0 540
384 192
384 193
384 191
