21 1000
1000 505
1000 933
962 971
865 997
529 1000
235 1000
123 1000
49 983
10 923
3 756
0 621
0 259
6 178
7 167
17 104
30 56
74 12
179 4
368 0
881 1
997 48
1000 505
1000 933
962 971
865 997
529 1000
235 1000
123 1000
49 983
10 923
3 756
0 621
0 259
6 178
7 167
17 104
30 56
74 12
179 4
368 0
881 1
997 48
394 93
599 785
46 788
562 717
188 268
195 503
477 512
34 649
514 810
103 587
894 762
116 108
29 199
703 424
406 664
744 798
403 995
907 738
960 240
59 305
438 98
526 623
691 332
245 51
926 267
163 734
525 26
872 48
483 202
698 462
327 887
166 120
758 958
115 907
630 968
194 503
62 167
70 970
324 684
643 31
562 971
885 262
789 144
137 583
730 426
731 788
198 710
253 595
579 698
140 988
60 614
666 199
321 772
666 302
78 878
181 932
241 579
682 339
28 238
978 601
515 183
275 450
818 734
25 743
207 184
23 107
519 991
506 182
119 193
31 432
491 93
736 517
802 994
369 689
271 274
86 37
172 950
566 37
322 636
191 205
236 422
329 32
435 25
714 760
749 791
634 201
516 871
81 842
872 106
283 614
66 314
222 354
161 235
505 128
839 202
849 16
172 101
496 207
511 112
340 390
756 549
870 177
168 725
874 449
740 602
785 784
158 765
123 117
396 906
462 947
371 525
838 531
32 283
94 682
304 588
467 337
236 714
417 964
182 888
725 177
734 827
879 425
543 585
39 71
768 573
548 514
115 189
650 893
930 191
855 540
112 138
663 640
439 351
451 185
928 929
456 960
432 548
393 610
339 259
968 167
785 698
576 899
933 11
829 409
330 424
752 2
761 857
600 419
940 621
43 370
6 87
562 231
236 449
387 936
236 299
443 87
141 391
104 621
29 837
827 943
629 15
549 622
713 180
625 674
506 264
539 225
101 423
387 243
280 721
939 777
100 943
615 729
578 285
199 975
104 519
125 936
968 388
682 854
4 378
197 857
903 929
573 424
434 368
256 210
671 328
441 973
211 305
228 815
866 475
156 234
515 189
69 704
147 652
449 510
401 279
175 339
813 297
906 213
227 86
808 403
15 756
95 976
614 908
221 367
669 183
498 483
27 4
83 143
492 8
450 163
998 430
308 690
520 837
626 686
420 711
455 39
154 958
731 198
967 687
236 738
404 813
139 4
80 161
311 538
686 621
437 563
940 596
397 720
932 669
373 70
108 244
313 59
46 173
282 510
289 400
833 926
542 214
556 179
379 954
887 515
648 771
587 297
910 302
1 744
884 133
621 64
649 2
163 21
122 257
794 975
152 244
859 411
936 641
905 609
363 305
698 942
776 476
432 728
46 456
620 796
663 918
885 357
555 540
766 72
572 716
28 427
1 572
919 362
298 515
819 983
481 933
959 75
999 10
849 461
500 371
520 677
103 1
845 601
190 6
71 202
154 592
910 369
470 63
880 870
450 662
817 843
626 644
984 301
155 770
984 489
630 887
160 256
391 559
172 291
274 570
38 130
262 470
856 841
81 191
968 937
398 349
317 208
795 351
597 412
971 440
376 239
175 454
47 10
309 932
973 803
870 653
277 802
153 647
193 38
421 630
340 60
253 864
297 881
622 215
813 499
220 21
650 988
168 238
123 818
483 619
321 492
249 833
417 596
343 496
435 91
132 229
999 798
743 759
510 704
713 849
153 957
171 597
604 493
175 296
771 338
663 786
569 808
582 412
483 132
85 420
948 753
313 450
413 637
298 667
31 414
544 688
920 44
705 30
675 725
454 449
904 692
988 266
990 463
857 208
645 101
737 807
281 664
266 463
852 964
195 593
966 232
844 680
602 84
857 77
895 877
846 211
630 578
699 54
887 655
411 740
825 788
166 736
110 478
68 245
865 637
803 97
579 892
26 212
336 226
95 184
728 757
699 806
39 28
241 651
878 539
914 796
389 709
226 130
874 494
594 590
186 54
284 865
68 332
463 626
685 517
907 646
60 91
799 388
628 690
353 567
662 464
681 620
863 469
231 458
29 444
375 567
171 395
195 656
605 424
24 782
133 449
768 490
241 184
742 280
668 357
281 346
709 975
917 949
14 497
881 531
970 736
494 555
226 937
841 630
525 795
711 921
395 102
150 565
739 922
684 156
744 115
67 905
520 636
564 301
423 83
139 562
383 409
965 223
178 784
577 119
280 934
142 117
375 447
928 706
485 609
65 590
600 527
706 7
997 82
887 120
352 739
639 484
837 185
185 513
658 115
972 393
790 470
247 848
506 472
418 896
23 853
808 533
720 587
417 954
905 695
867 650
414 660
942 73
960 534
85 627
451 653
526 158
536 588
592 638
906 849
375 897
831 656
775 42
619 403
769 625
287 291
13 637
831 658
215 642
59 152
623 183
287 78
935 520
628 131
912 788
851 686
164 910
543 684
98 349
205 183
135 461
955 401
866 271
807 862
500 286
6 441
147 472
796 134
227 204
860 252
874 14
564 373
302 655
875 634
371 748
361 312
608 217
874 821
155 991
534 568
353 162
667 391
117 139
323 850
969 808
966 87
131 184
401 512
788 825
816 951
975 473
140 324
176 260
536 569
27 336
594 216
872 581
81 771
560 879
185 733
496 1000
291 97
701 199
330 329
61 843
670 310
477 835
1 573
14 927
924 425
943 151
445 398
519 450
702 139
266 282
103 312
371 366
960 342
888 322
711 760
125 45
448 257
814 669
32 552
727 870
420 148
818 771
252 240
95 843
288 366
422 440
491 34
740 355
355 857
732 620
344 319
804 426
152 311
825 91
305 392
199 14
164 260
391 605
523 852
357 848
775 930
947 140
296 853
432 593
582 178
208 717
789 24
750 436
193 520
350 692
994 177
274 912
566 778
111 413
524 411
113 983
872 304
889 451
873 856
112 930
94 635
311 2
602 282
139 673
485 358
627 24
808 433
399 599
188 133
516 278
153 947
440 788
518 302
105 601
234 221
575 276
193 277
923 327
835 202
501 180
79 461
110 138
906 546
324 738
713 990
660 308
991 238
933 573
684 307
1 879
970 836
259 6
915 350
128 699
481 82
606 387
856 241
667 878
252 390
857 541
902 805
653 127
602 296
99 923
63 186
200 612
337 401
780 335
558 993
396 310
604 478
477 577
175 817
251 714
208 107
4 153
614 859
690 124
505 567
506 357
801 906
454 721
433 153
401 667
249 609
365 850
77 54
926 727
542 579
649 488
360 185
168 767
124 482
3 501
797 809
213 480
387 55
642 736
959 979
224 406
133 539
946 437
180 659
871 681
181 288
767 113
323 965
49 556
878 131
927 294
231 240
597 243
58 810
207 934
248 11
807 117
71 497
849 393
680 848
514 229
576 891
555 433
265 923
928 172
559 46
365 674
656 91
899 710
482 849
792 236
231 423
1 204
89 604
591 870
56 244
674 455
960 914
232 498
871 376
995 958
195 464
870 942
812 907
722 660
64 223
612 435
20 252
321 153
986 201
787 932
985 900
24 891
345 229
935 319
682 242
628 757
874 193
36 123
927 656
310 284
324 652
879 471
986 492
875 4
872 589
931 381
50 851
402 551
455 235
60 175
862 397
28 67
38 712
762 304
800 255
473 636
312 592
921 504
319 82
272 623
298 485
190 613
912 232
696 918
937 949
164 332
265 53
116 79
380 397
501 462
75 640
456 159
172 720
491 458
140 404
505 841
323 550
633 425
701 505
952 703
155 870
78 149
848 415
771 308
501 697
317 363
453 305
198 235
334 106
686 358
464 576
939 266
281 409
183 938
721 926
852 531
982 406
761 544
145 961
128 240
442 9
156 395
181 574
309 367
423 475
199 808
869 375
54 442
317 174
201 238
995 586
246 272
238 492
525 688
775 590
824 437
721 964
193 841
405 733
196 255
85 547
659 550
337 174
761 159
354 17
501 974
556 657
740 26
946 72
338 193
285 650
732 493
96 640
498 723
829 291
158 112
203 663
231 257
395 675
645 232
568 496
69 663
824 408
503 481
742 62
100 122
110 564
372 384
101 153
716 25
914 195
293 402
394 740
292 494
616 43
998 276
698 907
914 200
53 877
565 142
713 771
681 585
364 510
909 729
623 144
21 263
402 586
622 630
157 761
393 335
475 734
578 980
805 746
280 315
727 997
815 775
824 289
326 236
589 332
709 457
479 914
889 588
810 594
230 21
841 966
960 851
78 654
139 273
107 621
630 643
570 853
854 561
17 769
302 201
143 163
695 93
361 794
468 967
989 963
834 206
670 393
947 406
121 855
19 541
80 726
138 624
673 850
54 845
403 494
141 473
851 733
530 214
832 731
507 838
371 38
403 505
455 898
505 237
168 95
783 442
363 392
898 205
790 395
598 788
830 970
482 696
634 942
392 215
889 861
755 81
572 153
866 868
497 442
465 917
909 732
373 233
22 527
404 78
447 516
922 789
955 139
871 352
689 615
165 619
720 40
986 675
255 553
638 613
551 207
202 633
59 316
48 400
211 801
933 646
120 453
915 303
866 245
753 724
673 241
276 537
888 712
567 284
64 156
83 447
175 354
196 179
933 99
177 583
377 498
345 78
880 442
415 39
428 495
947 583
