10 1000
1000 164
999 446
996 653
985 898
966 962
910 984
619 999
381 999
162 998
69 993
1000 164
999 446
996 653
985 898
966 962
910 984
619 999
381 999
162 998
69 993
671 117
755 386
177 56
262 542
35 802
772 415
970 45
338 947
933 571
496 412
652 567
937 433
910 789
964 657
68 253
85 686
941 566
287 565
537 315
293 9
509 140
39 958
506 387
807 73
40 842
136 959
194 829
592 85
624 664
125 256
870 223
413 664
148 526
162 956
787 899
916 659
378 477
263 98
50 212
34 302
414 723
206 89
80 713
170 948
198 383
328 341
612 653
524 928
988 239
555 746
359 668
950 630
629 393
932 536
50 418
98 361
313 756
0 459
842 317
738 430
784 609
888 772
847 369
808 757
930 328
284 103
663 89
735 53
731 249
267 685
166 593
241 556
560 38
689 431
506 159
735 986
730 688
324 137
961 246
521 877
957 816
460 800
430 340
839 242
825 149
3 432
907 916
949 710
928 985
477 816
176 556
489 657
31 308
804 373
842 419
410 961
633 863
801 472
674 732
277 783
97 534
480 700
482 229
888 549
807 26
597 4
566 398
177 664
555 345
694 460
721 465
635 439
799 101
880 157
276 445
8 425
630 628
119 628
576 20
641 555
514 101
223 431
662 709
980 542
438 451
452 536
878 915
778 41
204 271
449 248
302 995
746 761
448 788
50 407
590 889
925 439
545 922
975 434
660 805
70 828
145 126
919 715
514 779
394 340
617 811
858 953
380 510
504 280
210 816
416 78
114 876
313 427
505 539
114 824
224 139
793 291
566 563
167 475
81 161
493 496
445 152
551 568
924 326
927 938
911 747
787 363
295 122
699 738
768 587
732 236
128 676
640 852
732 758
676 755
87 808
561 286
801 600
738 870
973 634
850 537
647 974
888 776
622 500
903 214
463 664
573 629
549 122
604 303
288 562
246 165
310 122
787 936
492 905
77 608
116 756
133 252
885 182
357 829
463 156
965 247
505 367
304 289
735 865
596 969
428 696
997 922
841 29
633 38
308 963
556 251
131 907
36 955
511 522
569 379
79 466
969 250
15 549
537 474
45 190
914 10
678 945
593 785
641 500
848 94
691 937
102 415
38 640
845 331
483 419
292 751
524 403
876 954
457 315
859 455
207 174
261 635
223 397
819 668
744 878
546 274
230 799
265 977
259 116
35 466
457 115
443 91
501 574
581 114
484 545
428 495
918 366
140 700
535 30
561 179
690 284
792 944
566 891
320 584
240 87
638 230
945 750
184 718
62 299
516 979
827 655
87 56
759 513
32 609
75 892
155 111
892 830
104 730
399 848
856 815
47 436
445 236
21 590
26 697
119 13
625 226
621 288
115 829
77 853
30 824
81 748
452 760
433 808
255 501
985 721
453 111
624 132
317 598
45 370
593 66
670 265
484 20
2 531
262 165
315 376
276 28
961 473
626 547
277 419
336 315
14 505
102 151
155 845
744 816
397 558
235 811
669 469
499 874
971 567
912 561
430 829
175 649
993 638
954 973
725 956
720 30
537 765
49 54
784 975
623 476
509 84
288 908
372 380
868 737
612 686
714 344
567 502
919 741
23 971
187 358
139 9
491 969
265 953
501 831
688 999
94 846
533 677
569 534
46 73
232 993
766 661
518 365
604 172
428 211
651 122
658 435
531 308
642 366
57 761
100 782
572 598
292 235
778 414
706 667
491 115
107 802
10 210
904 103
726 810
923 609
236 517
588 124
721 997
280 423
455 705
890 466
673 649
235 517
763 50
950 791
137 757
680 368
585 356
669 176
489 79
985 303
437 963
659 684
285 903
957 518
253 537
624 705
585 980
470 118
664 903
336 575
826 509
635 902
546 713
214 209
194 30
976 109
177 861
433 674
264 510
462 297
391 458
824 31
382 643
189 513
488 594
350 866
536 874
122 75
820 121
727 985
689 115
264 332
898 676
194 743
578 654
998 526
554 309
299 395
769 999
476 879
842 310
670 881
145 543
405 802
138 612
716 631
192 943
957 460
220 781
481 10
476 518
145 533
123 507
319 159
808 323
153 375
357 768
161 547
699 909
598 272
18 648
645 263
725 683
160 95
477 377
477 91
521 455
591 94
121 957
28 809
229 255
250 634
869 831
895 525
323 195
139 333
826 548
10 375
770 868
702 537
150 324
850 530
347 355
260 996
596 69
568 100
810 678
656 311
288 363
601 969
765 895
535 248
776 258
415 206
518 54
37 528
882 916
508 879
836 168
449 267
829 437
887 692
206 301
598 530
374 850
68 383
158 850
224 81
116 890
8 759
947 3
5 647
61 830
319 707
136 879
448 213
968 120
967 323
616 564
728 434
86 489
861 324
86 881
422 349
852 380
966 632
443 108
859 643
521 671
646 87
46 688
234 740
324 296
598 423
968 197
190 917
841 64
432 64
778 116
686 74
138 749
515 723
117 329
110 90
557 739
907 991
57 871
777 678
754 55
182 248
744 891
155 537
423 231
9 605
681 199
719 793
420 439
340 868
70 745
814 781
777 286
823 438
824 962
634 971
258 433
699 79
814 787
439 263
743 983
781 122
206 932
124 297
406 340
669 311
640 904
956 578
334 42
420 732
362 197
529 808
888 840
110 882
650 86
680 346
616 311
170 796
848 334
505 413
267 350
867 875
146 435
912 204
914 400
182 250
440 583
880 942
699 205
524 454
202 710
808 656
442 420
329 351
938 8
676 964
48 690
709 655
769 378
290 673
220 393
612 724
613 959
688 868
421 7
622 183
467 976
728 626
444 264
506 378
940 679
798 101
576 218
22 84
177 986
232 975
426 302
80 559
352 276
511 581
683 713
476 90
597 426
846 34
384 369
911 908
321 207
415 635
227 920
569 489
93 892
64 498
62 801
339 815
174 921
59 83
116 825
45 912
96 645
240 420
48 722
279 153
575 870
870 713
625 766
48 640
788 456
986 43
578 79
983 948
402 542
90 971
609 94
241 369
750 180
585 227
351 68
872 455
300 656
702 570
46 79
584 641
667 124
195 736
891 551
237 608
447 186
380 416
957 720
554 858
754 784
8 629
465 984
455 938
89 687
712 46
357 535
367 786
68 760
457 715
867 132
42 640
491 347
831 762
798 747
746 622
438 673
520 518
759 819
631 58
450 506
19 166
451 756
417 723
877 522
217 599
257 308
56 560
971 105
632 125
177 577
180 878
878 930
404 414
921 686
167 709
948 653
471 396
699 995
330 436
469 510
789 483
40 976
132 791
785 769
665 304
300 349
367 242
43 704
365 720
489 258
148 622
445 145
293 105
142 399
823 855
3 619
784 308
0 294
690 58
161 131
531 702
140 306
807 79
108 94
753 863
164 30
94 375
78 293
606 871
487 508
450 233
885 391
991 544
324 127
586 748
546 493
31 652
659 557
29 87
930 839
445 895
494 879
558 711
722 593
435 811
269 347
405 142
563 549
259 751
94 834
338 904
510 134
960 230
460 260
778 451
761 844
493 776
440 378
344 613
751 408
43 201
333 413
693 592
309 435
873 356
820 760
507 403
896 18
321 261
13 969
738 799
698 830
11 364
828 862
736 185
341 620
964 962
799 520
40 917
453 86
233 206
407 779
716 804
322 732
215 807
466 722
185 599
596 379
340 249
185 537
373 704
452 957
206 988
141 626
36 989
662 87
58 592
413 969
260 739
812 904
754 96
343 372
508 591
619 506
149 158
592 793
587 746
530 574
224 521
708 940
975 141
271 644
887 294
970 644
338 896
95 946
339 657
276 309
701 894
620 767
185 651
801 832
320 964
396 697
696 333
293 452
283 566
532 420
484 801
772 675
381 859
504 388
652 250
917 342
706 400
908 361
217 917
283 163
404 303
288 333
33 346
238 184
630 461
672 402
663 595
613 84
758 388
753 915
536 725
649 691
181 204
350 895
208 81
495 119
382 476
239 277
606 728
625 817
961 893
506 680
235 282
727 736
244 929
822 140
395 40
884 309
725 426
724 628
512 472
136 436
978 308
504 637
748 361
779 446
911 321
843 721
297 839
804 499
175 896
281 653
775 662
744 497
310 687
812 672
55 665
620 798
271 987
583 497
95 331
133 448
280 696
759 255
184 317
403 148
740 496
424 830
149 928
695 546
531 522
891 325
100 444
653 868
465 535
891 138
460 955
103 205
617 201
596 127
961 973
484 569
52 689
377 317
636 746
188 729
610 381
1000 306
662 470
730 468
267 303
978 334
488 428
804 712
613 857
518 118
388 309
27 318
472 693
640 460
25 897
995 231
821 980
437 246
230 993
523 341
3 116
813 995
186 403
694 214
797 831
23 780
709 865
264 379
487 789
460 514
891 930
587 689
289 42
707 851
403 913
336 312
750 1
915 480
91 790
2 620
93 984
338 300
390 434
271 230
503 524
723 694
162 799
521 868
888 423
102 163
662 322
29 39
360 30
191 529
955 708
680 421
571 242
803 978
350 556
508 460
39 946
310 722
683 686
412 210
301 287
877 487
674 756
118 756
448 294
483 183
594 186
301 993
610 407
922 880
7 393
906 46
157 111
