10 1000
1000 83
993 569
990 675
976 958
969 982
870 993
374 999
1 1000
0 0
482 0
1000 83
993 569
990 675
976 958
969 982
870 993
374 999
1 1000
0 0
482 0
102 800
569 366
623 371
296 429
735 83
872 500
61 864
611 578
184 642
210 796
302 16
723 865
227 354
290 167
970 724
757 902
227 858
13 681
900 745
258 626
944 219
567 637
771 696
9 210
809 670
296 223
961 461
785 2
231 187
745 403
994 924
355 48
840 326
83 112
245 578
418 688
375 232
358 597
592 36
92 302
956 413
995 356
143 156
30 798
28 578
208 241
87 972
320 980
656 560
717 519
3 860
958 42
512 50
362 704
828 517
631 838
848 819
161 270
863 615
970 979
289 798
902 680
560 727
803 777
325 616
414 616
428 561
93 158
803 494
711 935
307 812
666 136
798 344
426 231
15 730
487 771
146 765
776 109
695 810
414 183
875 36
547 28
418 176
484 322
315 800
978 111
265 426
251 264
400 203
705 212
75 777
556 541
639 631
715 886
521 226
855 93
199 698
654 395
331 104
628 873
446 107
507 559
192 170
952 58
419 750
283 621
639 684
936 382
828 642
793 285
67 524
959 514
302 292
175 660
854 624
481 976
669 81
416 776
428 809
361 935
320 229
104 87
424 880
207 794
846 679
666 230
387 446
529 769
986 183
902 179
460 108
594 388
920 233
640 353
25 929
900 955
486 255
728 542
804 479
39 4
18 232
974 16
874 735
41 623
442 658
162 8
658 645
233 542
100 598
543 966
533 158
225 891
266 794
772 502
854 214
750 304
122 447
886 827
856 815
252 654
433 434
953 967
759 90
202 734
773 913
677 530
600 36
397 99
895 288
624 974
285 795
615 845
706 606
330 37
703 297
306 464
421 860
236 223
657 293
254 582
820 586
443 857
874 982
587 406
570 277
798 215
337 617
674 414
209 457
760 622
329 766
483 210
631 883
946 285
859 147
611 404
659 705
282 717
562 958
36 459
516 167
753 691
252 54
875 180
611 601
342 347
312 379
107 693
20 770
130 745
301 356
377 984
713 669
824 980
261 208
5 284
854 954
116 568
367 831
827 570
284 0
752 555
97 688
402 39
227 912
59 148
611 523
827 500
205 806
651 979
672 90
934 354
902 854
795 236
314 842
916 136
459 53
206 505
973 265
372 112
962 145
708 173
690 883
764 943
998 326
59 538
924 291
481 667
397 723
977 109
146 108
379 108
403 658
171 548
515 590
651 555
608 831
350 400
551 620
213 663
112 822
577 619
971 409
992 688
308 708
179 529
365 171
343 315
100 277
726 875
597 46
356 884
993 343
24 419
760 21
372 370
39 139
686 936
691 86
422 905
913 59
637 913
548 561
77 374
983 856
624 403
154 165
872 24
92 256
928 960
718 317
48 651
202 891
360 798
1000 450
433 821
172 431
555 332
422 519
769 212
568 557
330 514
534 435
992 795
126 396
406 726
584 645
248 523
5 614
48 771
87 77
819 471
896 887
42 599
477 946
891 214
416 665
675 388
949 159
861 378
429 242
961 913
895 968
602 371
363 460
235 146
422 647
123 666
828 373
837 697
350 715
579 368
75 431
725 799
480 287
712 773
143 106
237 647
86 381
478 172
258 955
467 439
344 556
717 237
396 667
155 290
622 782
216 244
762 955
41 310
577 285
595 623
80 467
589 455
668 513
550 992
772 747
46 138
324 725
886 30
225 727
768 267
441 69
779 139
778 496
872 191
786 622
474 373
582 839
170 580
789 803
984 706
64 195
450 40
155 413
925 34
309 840
697 556
933 498
975 842
10 394
583 914
260 584
790 525
960 886
452 721
820 669
735 385
972 353
168 735
901 70
596 888
580 789
682 196
851 692
87 688
458 220
388 985
898 611
463 663
852 143
790 335
789 545
645 648
383 739
648 38
882 740
151 912
611 821
151 10
618 625
366 543
149 63
662 412
869 409
376 901
120 468
817 164
123 99
801 324
943 287
800 377
452 882
660 489
117 605
265 732
985 722
256 7
516 929
374 640
568 653
424 500
114 925
844 474
313 663
626 123
968 358
329 384
396 895
72 637
22 6
293 740
266 106
171 323
844 118
264 133
593 897
906 320
166 195
843 65
642 576
325 837
143 956
101 135
17 96
339 392
620 444
975 182
778 280
360 230
492 150
523 203
65 717
67 433
482 590
909 444
845 12
138 441
48 721
479 993
294 11
856 432
476 647
520 397
482 119
577 97
211 24
964 700
550 92
894 683
125 831
641 941
764 440
502 275
763 590
628 984
224 233
804 720
486 308
870 182
255 185
240 921
207 53
602 880
566 640
423 427
494 618
12 810
293 854
421 694
395 983
97 266
484 118
421 625
772 777
665 739
200 125
304 295
565 818
917 510
813 329
543 870
251 183
24 542
695 251
829 839
314 292
361 201
949 528
615 499
734 108
414 2
991 114
987 673
69 195
188 64
921 433
149 962
730 915
9 362
689 226
347 412
478 689
577 865
127 810
342 91
910 750
416 233
248 198
766 27
888 29
803 550
620 207
931 959
604 543
175 343
551 362
904 529
570 879
725 656
907 489
641 98
676 62
956 568
92 546
367 472
983 402
451 213
789 793
425 924
444 296
700 874
228 379
676 179
204 3
493 887
991 952
140 473
52 30
811 358
653 220
342 180
775 560
222 10
604 371
670 806
683 951
898 300
884 868
353 394
408 522
94 198
370 850
930 244
157 821
417 93
770 864
841 925
838 304
636 34
16 195
377 207
87 219
365 86
918 348
980 220
728 259
477 192
4 473
679 453
675 251
274 396
760 518
170 416
353 448
507 580
489 228
27 654
972 432
457 880
592 264
271 488
657 269
318 53
74 756
514 475
51 424
293 485
145 53
984 834
689 465
787 461
426 834
878 401
566 121
379 449
572 466
905 0
144 457
140 383
707 821
670 864
815 274
316 451
320 323
355 233
815 326
672 191
259 15
479 747
263 592
978 561
894 285
991 436
378 422
125 151
411 812
595 571
820 142
212 954
278 456
8 565
755 541
834 281
114 428
952 556
174 997
775 898
648 270
651 118
212 481
925 445
509 327
401 385
505 358
386 959
77 124
142 606
815 742
482 994
140 209
637 80
193 807
604 837
242 993
636 362
800 356
152 323
806 216
746 942
997 367
721 557
721 555
649 673
941 482
752 121
161 862
426 203
289 307
577 515
977 826
662 85
3 485
201 467
318 466
785 463
730 617
794 595
363 977
185 881
314 684
390 270
821 415
121 894
729 5
586 354
83 260
899 624
214 457
233 877
903 618
819 522
517 131
27 419
795 278
680 616
130 342
796 165
925 391
436 187
430 896
487 477
672 334
797 154
198 469
390 325
472 335
84 23
241 113
565 847
984 432
921 210
393 481
334 566
474 594
490 689
114 639
806 435
601 510
43 540
377 565
46 350
766 429
9 859
324 394
683 784
409 576
337 757
840 938
412 289
653 44
33 839
665 355
28 15
226 480
780 333
113 37
20 401
992 857
927 828
139 740
257 43
705 440
543 581
25 869
647 436
878 166
129 959
333 40
458 378
943 278
885 577
340 126
227 624
709 749
687 610
626 692
322 831
181 945
89 979
762 69
878 793
28 965
715 514
99 592
927 329
438 322
630 221
457 456
510 31
93 190
490 548
721 604
369 164
984 244
1 124
781 846
298 938
537 547
350 551
9 727
401 601
541 726
790 923
293 492
62 768
786 215
534 532
349 713
780 640
952 853
758 380
697 500
203 392
290 295
457 249
139 92
118 470
887 170
176 669
168 102
4 750
357 298
853 72
873 617
62 511
444 984
560 504
52 611
243 740
319 762
503 267
333 390
346 77
901 787
307 488
879 130
911 179
243 177
270 832
993 901
985 779
463 386
40 361
130 969
486 658
898 956
633 562
116 534
300 856
376 453
831 316
666 469
705 225
638 677
454 205
684 380
378 778
224 908
525 594
663 132
931 22
149 676
718 992
300 547
30 964
302 411
691 864
654 425
43 457
488 304
846 5
977 628
645 593
710 413
139 4
933 60
649 115
459 117
437 691
906 13
595 164
684 23
331 708
858 783
221 320
598 429
932 971
544 538
869 481
38 600
530 233
479 60
460 211
350 354
65 258
496 577
40 88
769 517
317 399
41 771
741 84
501 497
957 808
643 803
33 996
79 441
356 678
56 289
554 511
32 387
636 475
526 834
575 679
107 773
879 543
600 228
829 41
288 167
413 70
876 29
726 316
551 493
194 102
873 522
656 906
432 567
284 355
783 118
428 186
689 459
214 261
917 538
199 163
82 163
797 445
761 551
449 814
301 699
196 506
343 965
947 389
956 323
443 493
481 537
865 953
625 738
240 99
581 472
352 665
135 858
364 220
554 34
324 163
451 113
682 575
856 770
215 406
619 950
464 478
108 503
768 821
609 518
268 744
843 878
85 865
195 239
238 839
442 231
254 967
590 960
751 301
481 214
586 334
708 836
623 504
523 760
339 372
455 306
570 361
474 717
608 550
2 193
305 426
366 771
307 729
666 134
349 894
895 717
29 345
