17 1000
999 983
906 988
752 993
62 999
23 990
1 930
0 923
5 4
661 1
793 1
951 1
973 18
987 33
995 176
996 198
997 273
998 589
999 983
906 988
752 993
62 999
23 990
1 930
0 923
5 4
661 1
793 1
951 1
973 18
987 33
995 176
996 198
997 273
998 589
754 407
483 911
905 23
346 118
895 457
883 331
804 218
229 872
136 17
637 241
587 938
403 661
495 528
789 653
560 198
407 727
614 32
906 753
224 270
624 898
85 201
764 571
378 623
683 150
179 665
661 901
665 987
676 81
269 206
480 982
419 226
816 419
355 973
199 792
183 939
549 339
218 930
38 543
98 953
295 969
358 594
215 177
103 592
912 534
232 933
765 694
104 264
891 722
813 331
87 551
101 725
152 842
213 942
138 872
673 642
552 179
597 963
249 516
361 661
637 374
0 219
415 983
445 116
260 864
349 903
301 580
934 878
776 924
230 744
18 747
700 176
187 621
545 683
531 59
680 330
896 389
336 360
321 396
159 210
584 477
361 474
444 779
87 326
739 95
173 615
644 666
614 862
105 655
428 898
804 779
792 231
252 940
114 235
411 800
636 665
963 458
465 725
19 858
770 227
604 872
357 718
577 332
640 606
308 385
474 98
937 87
726 431
882 377
464 948
471 977
564 418
312 11
399 639
943 752
219 764
647 972
743 944
286 645
666 358
255 614
976 706
194 934
161 629
53 697
394 71
199 718
424 731
713 915
324 802
939 335
168 645
693 244
51 999
465 646
273 450
582 880
224 925
524 750
885 153
134 898
95 671
167 583
146 389
158 225
932 878
197 125
906 383
417 176
750 221
642 455
796 110
545 983
985 286
109 207
478 180
620 511
876 200
133 556
706 736
780 232
774 716
858 121
229 318
921 269
415 339
67 96
946 293
29 349
974 197
897 513
417 167
312 122
477 412
654 336
158 24
94 395
675 699
915 215
8 80
8 830
175 328
6 54
57 917
339 141
308 62
652 680
787 577
796 854
707 142
274 965
301 815
175 511
987 869
921 81
346 878
906 82
905 255
305 439
117 685
598 518
547 512
846 73
871 488
171 867
303 865
162 596
601 634
641 831
904 64
994 753
666 718
567 691
261 377
149 96
206 421
439 370
422 583
371 899
693 783
715 989
993 105
120 785
526 114
286 225
617 120
763 591
734 529
639 703
419 505
105 706
49 372
94 598
205 383
23 723
470 518
265 824
512 316
298 271
995 956
153 370
828 469
284 746
243 985
421 967
319 803
187 194
430 494
916 201
738 882
721 466
456 421
436 624
933 723
344 194
939 871
469 259
648 186
520 669
204 145
262 19
297 227
925 384
637 966
269 370
675 755
603 598
322 886
794 47
46 819
420 403
420 920
812 665
621 325
746 329
350 518
601 53
997 246
877 382
710 709
854 471
133 618
773 167
576 655
68 970
569 34
724 124
425 806
463 140
174 997
781 540
859 411
107 741
23 287
565 384
208 175
521 683
823 690
873 61
888 64
958 711
314 320
149 603
855 47
865 731
354 91
620 989
934 232
501 853
525 107
25 998
242 332
67 24
129 503
462 246
75 253
349 181
239 278
770 498
506 520
478 522
994 696
476 658
213 215
462 819
822 570
936 479
525 299
978 791
13 175
172 968
603 644
286 68
307 871
711 875
119 233
134 352
817 471
736 486
862 813
446 657
615 459
154 118
545 4
502 761
504 272
871 468
80 634
51 451
802 688
699 539
641 238
425 938
870 422
508 126
692 518
446 128
154 573
86 160
454 648
229 568
445 482
246 74
795 815
578 407
51 466
63 138
19 105
441 894
573 950
330 355
358 325
707 944
708 414
745 514
440 972
539 736
811 586
639 949
565 982
989 878
405 702
527 182
460 645
61 87
856 594
913 928
103 456
845 917
351 256
622 638
20 508
680 367
672 763
784 480
180 621
888 882
799 812
456 495
793 304
180 509
273 581
11 93
84 166
916 497
740 818
232 122
102 73
376 137
551 655
126 841
173 830
283 428
532 73
793 921
100 404
19 884
985 580
304 476
761 214
228 866
65 89
862 927
350 460
704 651
64 421
882 520
601 103
169 460
900 719
598 623
135 746
326 504
400 779
51 763
686 419
467 730
123 900
506 429
371 722
636 817
376 584
397 892
225 956
206 267
793 961
356 267
889 166
454 275
880 476
167 46
662 238
953 39
348 407
186 155
720 103
438 715
299 918
656 829
150 834
221 620
73 492
341 259
847 24
430 125
107 887
123 669
117 852
288 317
75 165
562 12
759 491
802 788
131 987
214 229
1 117
410 963
970 609
442 217
886 491
312 959
199 679
430 587
225 655
723 65
597 23
147 915
315 380
63 542
557 705
792 630
656 795
96 845
153 935
550 12
14 886
249 593
577 628
727 743
663 766
641 370
749 772
421 16
387 58
672 674
694 498
778 983
195 138
842 712
458 981
437 476
561 907
154 764
493 254
943 763
673 297
310 226
127 838
601 800
893 974
947 695
889 293
892 41
318 479
367 886
937 554
218 699
651 111
636 802
662 485
965 374
613 502
29 814
514 901
703 48
736 664
145 142
480 5
262 598
973 58
31 354
791 119
952 917
849 646
158 891
971 696
56 323
757 952
825 322
893 327
95 310
93 888
793 101
923 440
172 909
186 189
367 106
928 105
898 40
137 540
627 459
364 633
642 694
759 490
285 442
539 525
483 691
195 609
310 549
968 312
607 134
109 753
700 703
801 832
213 502
993 986
933 393
5 865
572 75
433 448
370 285
694 528
531 158
482 938
410 487
990 693
553 446
452 37
22 430
519 773
252 428
127 192
55 36
79 648
595 571
375 614
427 372
735 378
99 743
830 161
881 773
244 755
455 29
700 518
484 491
730 443
624 853
44 952
837 281
460 318
222 513
488 239
618 73
188 247
485 602
88 246
167 420
89 631
662 826
632 629
791 54
566 267
806 733
494 406
907 58
548 611
560 755
520 426
279 911
240 44
433 339
146 405
601 159
713 680
780 866
827 601
596 614
329 4
577 315
1 503
491 589
364 85
946 281
366 696
95 399
272 155
977 327
921 709
592 662
978 412
704 743
249 665
387 574
538 224
590 694
352 878
869 33
9 396
597 653
539 129
385 698
117 400
826 387
647 319
996 30
148 271
87 936
657 781
277 486
403 310
427 958
604 461
755 768
3 69
751 543
181 979
221 505
210 872
423 296
21 462
999 171
275 923
520 45
553 656
1 768
66 337
515 15
787 396
846 838
105 53
388 419
783 227
287 87
582 661
280 938
673 278
456 228
740 92
655 543
828 802
217 578
992 800
947 129
610 700
646 81
955 838
91 780
962 19
779 999
225 906
12 32
448 209
343 739
85 663
516 371
117 540
404 781
459 432
910 852
607 945
256 657
128 307
218 182
49 903
948 445
708 583
338 440
383 634
322 614
246 980
672 760
79 540
242 631
352 493
749 496
839 950
374 880
632 290
859 259
520 305
879 403
593 519
267 147
989 671
584 198
250 717
985 550
391 326
79 687
654 854
328 93
590 608
584 416
725 752
330 609
852 389
654 281
675 7
798 453
671 596
996 740
225 110
508 842
11 316
221 402
339 995
393 180
333 682
705 980
139 708
839 200
558 836
903 844
598 869
914 43
525 27
76 857
695 590
942 918
764 714
7 890
870 425
227 210
308 431
832 811
788 951
845 511
603 256
696 297
589 462
319 104
76 0
796 95
348 680
290 323
673 937
315 642
136 308
421 334
482 397
275 833
52 164
257 352
578 257
476 439
839 620
588 809
227 723
671 180
914 278
596 757
915 139
345 526
156 100
68 234
169 366
409 950
880 80
347 655
180 513
274 619
458 453
808 533
395 487
943 509
525 961
126 359
509 783
168 666
571 915
627 626
698 362
295 226
247 333
740 739
852 890
960 475
603 393
142 289
81 625
138 352
324 640
923 436
639 731
888 379
247 971
404 197
737 114
450 211
612 370
715 377
815 592
797 659
993 250
12 408
84 115
598 39
986 734
992 34
478 293
50 903
902 46
442 896
372 540
539 358
940 302
782 788
155 507
674 990
40 319
666 396
802 402
499 701
159 486
421 325
981 296
477 887
356 752
430 827
566 371
591 433
8 562
252 181
850 527
765 63
19 341
101 852
477 22
770 902
758 73
854 207
868 230
518 591
93 349
562 599
518 88
89 781
407 974
546 402
284 35
987 701
415 66
920 434
242 6
786 939
420 588
780 788
496 670
856 863
482 771
156 376
749 152
269 120
620 248
308 429
354 273
433 655
35 944
162 359
585 311
591 358
848 679
211 143
81 405
908 221
366 333
726 714
306 979
117 80
305 469
88 401
162 905
445 224
617 843
738 324
685 434
248 494
274 253
692 592
83 172
188 408
890 671
762 258
471 83
755 396
351 441
622 415
430 806
746 82
357 713
776 304
958 324
491 154
765 312
328 520
368 902
157 540
612 363
881 473
653 599
599 359
237 972
420 393
579 886
414 153
531 137
77 996
338 871
542 9
720 397
401 868
164 984
609 674
134 654
965 453
766 482
109 239
583 893
292 686
717 787
96 572
687 373
146 619
453 457
