20 1000
999 315
998 998
891 999
556 999
439 999
196 999
148 994
1 946
0 621
0 313
1 244
5 102
9 55
48 22
53 21
473 1
949 0
980 13
995 127
997 144
999 315
998 998
891 999
556 999
439 999
196 999
148 994
1 946
0 621
0 313
1 244
5 102
9 55
48 22
53 21
473 1
949 0
980 13
995 127
997 144
160 321
548 651
353 107
960 483
959 904
955 578
26 288
387 400
827 421
123 713
406 288
920 145
956 907
732 0
792 239
249 999
778 311
959 177
83 429
792 192
658 193
317 278
877 543
650 498
929 982
370 414
495 698
30 574
99 862
107 40
697 666
833 585
134 728
815 807
543 392
877 43
265 450
329 209
358 360
928 694
450 981
480 516
584 253
803 441
978 936
372 38
575 708
619 371
148 143
76 459
888 232
191 590
324 108
1000 389
365 514
230 623
678 764
416 104
203 182
571 172
66 368
997 944
496 476
135 462
200 4
90 217
430 114
802 722
278 849
25 715
53 173
100 667
906 601
276 733
731 98
921 395
7 801
694 541
569 858
181 175
132 424
982 575
965 314
500 154
157 640
773 361
605 308
107 529
922 364
415 935
452 666
427 763
143 513
607 402
289 294
486 944
56 122
66 575
351 361
676 350
753 16
287 946
487 17
868 125
685 825
142 467
269 719
186 993
929 243
977 221
61 89
721 589
692 27
907 291
157 37
30 961
48 574
362 924
656 705
49 58
644 261
512 42
519 335
722 946
541 144
850 25
503 420
391 195
802 62
524 402
958 89
961 509
340 673
940 75
811 708
707 384
430 76
592 83
875 774
3 665
889 696
655 715
52 455
906 21
564 811
764 721
379 658
145 976
844 380
195 918
23 968
481 324
840 881
987 482
369 976
743 146
752 623
29 428
672 429
166 618
990 987
477 237
357 89
804 545
730 57
883 594
136 582
306 641
480 576
910 431
940 173
402 545
320 240
311 914
570 100
786 942
534 759
295 750
692 338
692 263
381 830
778 211
875 268
360 949
358 934
142 179
319 833
670 623
816 162
352 440
292 67
957 836
230 960
921 211
335 925
876 915
650 566
627 17
431 82
308 23
837 687
474 163
321 454
687 713
467 374
359 942
647 577
238 453
328 993
498 308
184 706
332 386
0 584
589 472
426 262
402 264
438 297
368 571
400 340
960 295
508 611
704 974
704 737
730 966
936 891
732 62
371 614
513 320
643 73
163 395
640 664
70 302
875 962
678 633
12 714
43 31
36 424
185 784
135 332
613 312
463 136
137 875
89 597
619 181
185 681
458 521
14 910
698 97
732 635
112 379
557 461
623 72
910 237
781 283
354 331
419 370
398 14
936 119
491 426
200 899
347 305
987 745
390 910
235 520
602 22
734 81
910 670
545 88
339 573
434 60
269 283
45 839
968 267
915 837
944 121
699 541
48 465
744 469
482 53
40 699
346 185
614 335
559 197
883 848
25 370
281 149
186 373
946 875
862 462
516 547
148 328
683 594
660 182
978 608
690 50
203 327
81 666
274 671
851 558
161 233
766 851
119 910
71 640
255 413
84 612
76 780
300 860
98 192
914 195
712 46
991 536
50 459
991 820
709 261
835 649
173 349
324 395
946 421
859 662
5 751
425 539
89 736
833 319
864 519
284 52
860 339
271 982
32 139
931 377
963 389
264 987
509 989
145 61
446 145
622 522
782 776
313 127
385 28
784 453
170 950
860 531
984 682
909 57
578 694
500 455
479 19
127 270
703 740
660 73
399 377
411 581
257 205
664 795
489 568
614 426
773 630
136 124
907 212
543 100
466 89
627 323
525 700
242 391
834 189
990 994
162 128
847 739
928 707
296 959
154 325
387 653
390 395
855 568
356 874
463 51
132 655
263 188
370 893
108 885
48 952
723 121
251 455
727 471
179 11
428 465
62 484
108 612
501 673
770 163
575 969
539 82
544 394
209 345
386 451
108 570
831 765
979 298
126 464
557 90
98 917
345 654
336 934
178 600
829 561
155 510
534 375
727 85
823 710
751 405
327 447
358 682
624 96
393 521
834 784
319 946
468 310
435 160
324 587
944 187
95 13
744 835
555 387
159 66
215 709
782 296
100 961
147 100
845 530
995 598
796 95
599 490
26 796
471 372
57 951
365 455
363 524
664 511
154 88
580 978
818 729
846 520
855 886
174 552
37 152
142 53
285 853
795 325
271 865
588 670
950 387
156 835
89 805
475 859
570 434
71 794
747 545
136 926
649 781
271 250
201 72
983 619
197 269
942 882
471 274
251 623
667 610
939 758
119 273
160 554
619 830
726 223
103 120
348 571
71 739
190 143
154 164
364 756
767 755
106 281
86 663
758 281
363 575
473 544
814 177
547 89
673 902
175 633
455 881
437 671
510 308
323 617
557 863
930 471
40 701
493 40
245 742
810 795
793 595
839 322
625 812
311 362
496 711
177 436
477 158
219 115
845 906
94 403
518 191
755 870
957 575
490 983
875 861
722 483
316 651
535 484
796 710
21 367
544 477
187 197
846 165
760 923
348 510
184 844
231 274
401 615
590 453
420 415
727 675
170 422
272 624
437 551
541 724
889 391
557 825
476 318
125 772
309 655
179 410
208 837
603 185
341 748
710 883
536 937
103 514
821 586
989 829
56 816
294 895
821 89
396 747
602 493
464 638
368 302
520 846
492 66
761 190
996 75
792 966
963 798
959 320
659 883
11 460
870 949
90 958
245 979
341 6
609 593
197 30
511 0
775 346
300 66
105 834
829 524
594 756
859 154
590 397
161 375
303 329
277 573
519 646
67 868
44 900
29 833
259 352
952 523
248 24
986 759
298 267
70 847
751 402
839 980
885 251
233 92
105 444
546 211
978 708
70 665
775 755
485 404
310 877
738 277
108 644
701 240
439 222
317 309
753 180
708 281
822 101
962 600
148 853
170 313
345 995
643 906
152 292
686 860
956 942
736 9
217 178
171 945
444 956
192 153
601 41
834 222
932 104
162 136
913 279
153 982
849 664
113 769
315 310
51 410
963 909
888 701
25 804
345 100
51 624
328 925
385 951
319 997
647 197
480 879
44 935
523 261
109 261
579 107
392 752
925 725
958 489
473 372
278 496
48 970
144 587
766 851
299 526
989 599
797 64
180 618
931 209
872 296
531 645
517 523
847 939
171 366
760 531
915 915
34 361
419 603
51 293
820 971
934 497
144 111
20 805
306 238
646 736
437 160
359 542
449 994
264 259
260 479
607 680
110 436
160 818
397 209
880 54
961 451
440 485
109 922
802 619
655 988
267 552
499 273
561 136
40 221
469 747
267 88
997 633
757 648
821 114
324 598
756 974
829 880
769 499
832 940
891 259
995 324
819 929
37 607
220 710
544 181
290 60
419 646
511 850
524 726
44 976
208 873
471 740
539 220
916 260
332 26
152 137
217 180
242 652
35 751
255 825
150 379
137 963
130 914
3 379
872 547
31 178
701 294
398 688
707 390
221 14
648 34
617 656
223 162
516 217
749 556
201 951
570 623
753 649
496 324
354 888
128 58
669 609
322 749
227 44
941 769
457 333
622 229
903 403
158 560
609 176
754 348
532 655
465 45
855 996
368 506
607 55
339 798
975 965
579 359
657 647
497 379
882 825
794 617
797 918
382 595
549 379
435 57
54 394
2 919
142 136
70 37
920 428
847 664
121 398
458 582
674 831
892 464
974 327
891 255
678 513
322 145
701 8
26 380
64 562
314 30
773 539
609 913
698 16
732 636
818 120
954 327
361 56
659 940
201 214
578 616
461 948
167 649
431 645
972 522
588 850
796 140
25 545
854 275
244 168
595 136
425 682
569 91
348 661
60 667
609 219
548 145
141 968
778 849
744 471
515 948
279 761
11 644
670 776
994 886
515 385
1000 248
966 459
384 752
378 198
511 65
37 182
903 818
639 402
982 294
50 420
177 278
92 942
741 326
429 15
271 964
276 312
41 620
427 177
267 45
226 862
961 555
677 99
834 483
400 226
94 655
91 79
543 836
378 454
828 172
984 935
179 201
657 341
511 271
902 332
673 678
815 516
45 876
75 292
366 321
10 555
884 415
500 421
232 651
383 1
606 257
597 703
717 631
74 666
369 625
823 203
982 168
725 519
10 797
365 136
907 530
357 283
448 474
571 426
771 599
417 693
680 356
777 141
617 710
593 135
919 260
497 696
548 966
734 433
260 300
796 574
550 240
681 544
622 667
194 822
192 500
847 872
711 442
137 48
144 303
984 894
826 597
787 158
321 444
132 506
539 842
765 692
744 152
467 150
654 915
713 473
456 718
879 779
231 133
748 751
366 284
638 80
615 76
664 470
611 37
173 183
197 930
566 154
150 274
153 583
131 491
438 600
45 34
911 731
782 161
951 252
827 127
686 698
258 269
418 812
185 708
256 560
781 942
806 170
788 325
609 191
710 774
442 410
546 743
828 823
706 16
348 672
226 797
163 254
364 396
90 209
719 421
35 641
571 815
702 639
236 497
888 685
729 107
255 363
299 954
933 698
837 568
533 840
830 337
313 180
513 673
892 400
312 972
889 409
289 525
703 749
760 880
102 116
290 648
491 512
145 163
936 325
