16 1000
1000 31
1000 413
997 972
992 977
951 985
887 994
130 1000
82 996
13 975
0 923
0 741
0 233
1 64
13 5
824 0
986 1
1000 31
1000 413
997 972
992 977
951 985
887 994
130 1000
82 996
13 975
0 923
0 741
0 233
1 64
13 5
824 0
986 1
228 130
424 658
960 693
636 768
696 706
711 209
119 240
178 639
797 615
967 271
377 832
795 14
451 298
368 443
61 373
510 958
963 799
891 239
456 890
390 745
139 674
827 375
428 612
571 312
211 443
837 586
330 22
60 961
588 0
747 159
950 210
503 108
259 811
275 594
642 890
397 367
834 920
897 562
271 672
743 29
280 880
365 741
600 353
733 629
267 269
694 844
338 348
534 114
211 546
258 929
110 407
757 882
959 538
739 382
10 782
525 33
611 343
657 473
918 450
501 988
174 749
160 155
397 682
367 132
331 608
525 303
674 821
961 788
67 506
63 845
669 981
723 530
149 766
644 160
328 764
876 732
604 837
538 772
247 901
446 788
641 304
992 692
577 815
7 802
888 827
67 811
666 536
815 82
939 709
648 32
682 767
763 187
705 965
244 781
620 319
983 369
55 52
872 648
772 470
682 193
125 708
71 764
563 603
440 982
151 737
850 649
567 857
371 593
303 380
669 631
881 687
100 287
129 896
984 55
764 543
769 381
956 831
942 884
945 269
586 230
31 753
713 797
746 286
711 927
206 268
458 12
513 203
229 794
642 635
23 311
160 349
354 461
913 616
409 443
784 315
935 601
745 390
539 996
27 611
423 322
401 977
782 489
527 947
49 147
330 592
196 889
35 428
723 529
953 442
566 696
113 567
356 921
401 714
252 819
236 529
573 827
331 917
907 721
539 892
75 37
592 824
409 348
329 819
893 550
273 103
884 231
545 298
224 599
452 736
456 503
167 216
737 66
562 971
561 262
116 266
0 388
611 47
386 397
826 417
495 990
295 322
42 511
173 514
628 612
778 978
166 311
590 412
965 169
172 546
288 607
157 695
921 571
174 908
719 230
107 847
410 459
901 248
3 385
49 827
826 953
495 53
967 628
726 162
436 265
953 661
162 981
854 169
881 163
970 272
535 393
487 944
139 752
320 995
977 755
816 345
945 867
446 204
706 450
256 193
129 189
439 273
344 121
640 212
767 598
803 764
466 841
273 871
970 391
699 436
990 102
155 651
642 715
395 381
798 333
66 565
74 458
306 934
526 428
848 970
856 889
49 501
798 493
855 737
493 67
213 94
785 162
26 788
569 556
61 881
687 503
839 999
534 670
110 563
1 19
666 768
727 912
879 271
276 534
294 977
52 565
214 822
898 365
819 932
990 79
334 934
288 393
411 766
942 11
511 666
693 640
461 694
763 334
394 482
167 433
459 839
173 2
548 138
448 411
309 999
657 257
769 328
60 225
398 667
405 368
866 928
848 48
2 438
841 381
850 50
949 579
456 714
712 189
186 896
201 487
237 526
422 952
423 974
66 436
917 168
537 524
340 940
435 487
744 547
536 63
583 547
9 420
692 772
857 530
487 360
631 680
629 199
547 692
603 878
457 873
818 439
34 49
68 417
943 680
20 962
926 971
297 863
135 583
123 53
891 69
6 947
212 573
116 252
416 59
107 413
530 646
887 170
785 727
912 543
762 789
178 79
517 919
655 969
656 65
796 19
400 842
546 30
371 467
223 333
534 87
861 90
649 28
596 297
321 132
920 451
521 350
746 330
600 770
802 406
674 969
844 906
640 584
211 398
279 673
857 501
854 469
14 497
920 334
875 912
747 41
22 196
503 241
986 232
426 504
168 841
973 447
642 675
785 982
786 947
137 450
634 509
882 285
908 801
851 831
31 765
529 138
666 923
827 958
279 354
968 167
67 340
520 981
191 429
660 142
420 328
961 620
169 887
727 651
456 726
424 816
603 821
749 312
973 340
812 722
839 924
131 151
370 386
627 206
93 89
94 773
991 172
80 728
662 24
200 619
495 429
80 635
440 389
759 976
475 666
775 95
941 884
360 635
838 967
715 832
427 227
82 225
637 163
872 300
684 155
689 552
355 443
226 935
160 851
468 473
129 257
408 502
535 663
696 66
875 35
842 357
19 736
932 96
995 932
395 540
752 84
500 648
907 202
624 242
360 637
812 435
228 120
593 89
673 262
684 730
684 350
111 11
394 54
796 337
889 804
563 797
720 630
713 694
307 17
355 663
139 928
81 246
876 174
952 376
571 167
540 217
471 111
468 753
940 880
974 566
355 597
408 78
584 754
859 634
67 215
693 89
902 87
303 95
286 51
700 578
423 289
687 16
904 371
344 450
452 417
863 651
847 549
124 260
55 988
133 221
294 726
610 966
107 530
61 57
937 136
625 137
212 337
941 762
713 214
383 225
361 722
859 848
596 676
866 487
23 193
42 474
868 460
280 612
779 27
685 611
786 643
149 425
465 145
247 521
320 561
38 281
492 353
732 836
76 784
519 993
748 185
347 510
504 775
573 524
895 185
341 313
990 231
254 94
9 492
116 237
49 44
399 844
493 848
656 242
996 170
582 108
736 242
51 336
978 682
63 626
368 571
420 380
627 354
874 126
746 243
513 855
932 905
559 900
710 503
183 140
119 535
267 116
142 841
634 842
699 626
991 508
885 0
496 277
215 505
266 175
690 938
43 557
654 322
71 590
531 981
883 182
118 367
67 419
486 11
201 474
335 67
409 713
570 883
594 247
989 27
63 883
855 747
16 401
554 830
343 600
625 43
803 277
457 675
985 411
541 237
161 494
360 309
174 34
912 567
448 897
183 146
863 953
711 345
120 287
667 45
693 502
254 734
854 710
179 95
479 652
945 686
624 380
348 684
64 581
67 29
635 78
39 282
804 956
58 835
281 867
799 190
397 722
437 312
961 774
286 695
559 274
339 109
931 64
779 184
610 155
998 280
438 494
935 225
429 605
139 902
822 432
537 613
220 761
127 608
562 345
83 848
791 94
260 769
276 534
213 816
737 554
253 143
863 373
728 463
513 630
512 974
987 771
52 429
689 943
152 169
67 608
66 641
953 830
249 312
950 110
438 776
635 642
170 933
971 73
323 342
310 317
873 982
305 493
633 948
358 6
298 497
134 160
725 25
649 559
307 735
853 906
492 899
904 383
737 590
974 348
607 700
70 358
358 434
584 494
799 99
927 976
34 200
576 992
363 599
114 136
537 142
492 876
820 92
126 930
922 305
868 40
917 727
951 542
963 667
880 679
421 500
951 101
255 765
538 603
741 301
358 638
333 774
821 134
366 52
81 308
517 397
707 600
93 37
32 525
74 96
432 660
443 561
440 643
532 802
861 531
841 423
905 302
318 515
174 273
781 689
295 317
828 676
400 245
4 211
978 566
928 40
561 565
851 350
808 185
32 751
172 717
343 571
265 868
444 6
331 909
402 231
198 746
64 1
140 972
69 468
649 538
977 919
157 508
767 779
849 334
563 653
437 812
659 622
311 900
52 741
995 528
986 253
771 742
304 3
982 972
307 862
973 56
10 151
414 520
293 533
639 685
934 481
956 330
52 816
919 29
637 858
328 482
364 958
99 457
253 952
2 997
599 514
922 630
758 70
263 948
240 375
718 424
314 335
633 637
292 618
954 527
230 475
698 970
149 834
519 570
556 559
221 620
437 168
357 604
194 798
689 525
878 760
893 27
363 799
828 52
152 150
686 315
987 669
889 740
889 208
132 776
592 37
982 838
523 397
880 202
41 51
843 854
877 808
972 442
256 680
380 960
929 828
932 640
849 52
806 291
473 43
449 263
805 173
498 649
494 303
2 843
919 489
764 342
768 898
495 426
61 424
714 214
498 667
548 660
962 60
459 326
255 480
683 650
496 754
981 476
968 953
481 219
413 106
791 41
246 501
15 449
572 662
755 447
694 449
412 960
818 353
776 17
37 648
358 904
895 447
929 844
162 95
541 372
963 223
869 87
156 828
136 774
569 43
898 321
889 917
372 13
102 403
185 687
568 395
153 952
316 297
594 974
504 303
649 846
419 166
946 797
784 890
781 73
893 100
779 622
684 622
157 603
717 434
979 122
553 306
177 101
797 900
332 966
615 482
976 61
168 253
17 560
365 891
884 878
233 551
934 50
910 976
104 528
40 798
471 480
564 162
15 428
378 159
59 312
574 932
561 860
7 49
505 49
941 518
170 648
504 230
33 918
289 597
935 149
441 47
969 515
491 371
772 886
131 595
453 221
204 41
73 129
505 224
270 127
963 874
832 719
135 463
612 742
502 4
834 687
12 852
19 291
873 296
196 521
351 211
220 153
967 612
246 327
54 681
551 963
985 813
279 382
809 264
943 363
963 88
796 646
564 828
437 213
514 883
628 381
749 480
761 506
754 301
826 387
697 40
778 206
505 388
44 17
982 461
120 242
611 176
671 178
899 906
810 593
963 370
618 509
834 96
383 346
932 303
137 938
763 327
989 9
821 511
273 703
250 451
11 454
455 495
394 931
141 966
693 751
414 871
858 510
981 178
678 627
385 771
653 28
650 12
22 558
309 772
664 873
350 969
645 816
750 681
241 340
434 322
920 902
