15 1000
1000 35
1000 558
997 946
867 978
855 980
728 1000
170 1000
38 992
0 984
1 417
4 363
30 25
66 1
966 4
999 13
1000 35
1000 558
997 946
867 978
855 980
728 1000
170 1000
38 992
0 984
1 417
4 363
30 25
66 1
966 4
999 13
918 161
109 193
431 411
8 131
383 116
295 157
46 863
114 245
877 461
182 79
703 671
6 172
115 715
929 986
414 960
449 7
130 449
880 825
23 153
818 463
162 502
53 772
764 998
188 501
403 437
411 328
212 455
802 250
45 309
411 329
464 994
512 148
148 229
901 540
163 318
897 279
807 781
675 176
134 198
643 792
556 460
105 573
348 323
641 912
11 757
316 837
928 990
64 234
607 870
411 73
900 223
106 756
672 599
469 396
479 33
188 564
251 685
158 514
489 220
737 969
223 515
318 635
107 96
323 417
674 361
480 945
115 92
615 68
127 576
235 14
431 105
745 530
315 842
540 68
733 619
364 252
708 54
453 245
7 681
205 667
712 105
493 656
631 941
445 102
119 874
334 336
233 742
599 286
15 987
656 979
342 739
335 526
701 633
524 229
939 683
306 170
488 349
787 793
419 434
498 835
727 797
687 396
484 590
832 385
63 37
365 13
6 693
969 147
861 562
279 138
549 599
467 332
738 690
96 421
160 864
848 958
841 43
600 779
198 1
398 748
347 576
0 593
543 667
235 347
674 968
879 462
987 265
453 541
189 570
668 508
743 193
950 263
789 60
590 840
744 91
958 669
142 258
398 964
161 390
622 303
528 253
339 184
763 706
257 676
47 574
755 153
978 9
145 461
877 397
606 471
476 603
172 230
838 809
800 238
663 85
625 780
880 156
597 378
916 796
306 131
388 714
284 886
597 691
835 781
605 851
645 319
548 76
983 97
780 705
22 415
167 103
218 342
279 523
155 351
733 815
717 20
526 994
819 316
247 265
4 953
583 727
61 54
697 998
539 659
647 262
296 562
449 870
958 173
523 143
823 669
50 246
35 678
44 713
772 613
991 504
964 125
532 350
76 219
715 975
646 480
932 779
439 766
697 945
601 680
636 75
33 127
589 647
832 716
244 218
32 357
158 323
604 752
458 930
545 149
144 370
72 630
839 309
582 535
621 10
80 177
765 819
497 937
410 494
528 706
812 657
696 421
235 518
319 534
333 239
594 736
677 93
286 721
453 846
631 686
919 7
595 153
2 97
551 783
292 998
2 521
637 116
71 603
711 102
598 52
311 78
879 691
234 36
796 139
804 807
35 461
488 447
342 858
6 978
972 412
967 454
53 31
791 878
351 793
676 448
405 857
386 668
761 849
871 637
253 537
939 86
993 64
812 488
177 50
713 17
388 72
833 846
252 343
548 106
254 804
409 319
928 960
547 410
190 985
389 791
268 730
472 764
941 526
524 167
227 901
788 809
639 941
64 813
219 595
196 750
289 891
612 593
344 819
750 477
921 449
598 205
906 646
369 264
437 598
892 793
978 825
437 513
843 771
38 604
166 44
161 710
46 494
796 271
555 168
299 907
18 937
512 613
119 954
249 16
761 6
837 411
504 657
830 379
397 283
788 862
279 500
509 860
419 444
322 69
896 463
922 966
245 667
897 809
651 189
973 456
816 950
145 189
972 478
200 57
241 984
1 522
833 445
4 54
130 876
719 557
696 427
404 622
815 981
310 848
94 67
410 502
732 559
446 530
4 718
938 252
316 592
599 836
207 678
934 538
592 12
938 656
667 723
542 946
134 609
887 967
449 495
193 657
40 274
959 101
906 287
883 530
484 542
101 313
639 612
474 899
801 147
63 820
751 909
535 458
17 515
655 602
228 761
406 317
12 623
331 645
820 750
81 616
392 152
826 513
854 915
22 799
928 102
390 273
832 114
38 910
620 224
613 249
338 130
928 728
941 888
401 161
213 200
729 44
578 963
739 803
287 550
425 444
809 598
404 272
693 841
974 994
625 21
72 913
214 855
808 33
848 603
938 497
63 409
524 869
741 261
751 912
505 315
189 731
569 569
152 26
782 277
26 313
353 906
702 859
918 259
349 233
535 845
414 322
637 601
485 163
993 855
81 193
415 618
584 403
309 247
124 906
327 730
35 99
110 89
740 369
710 175
444 747
503 380
204 160
977 440
43 853
325 954
314 988
885 217
181 892
532 435
184 318
954 428
314 2
185 12
744 606
169 173
167 757
26 248
934 868
881 607
542 74
907 275
137 857
225 962
591 882
440 634
939 38
476 286
904 284
538 84
170 284
735 625
140 878
746 65
378 720
107 152
933 277
219 222
993 775
239 715
180 397
2 246
279 704
167 993
383 753
134 68
227 925
823 49
9 742
852 513
551 225
633 403
846 554
570 936
622 324
527 466
519 748
22 198
975 567
779 556
449 367
18 183
582 494
168 222
234 688
88 556
962 742
603 388
489 670
929 671
630 199
972 459
505 591
468 274
570 590
830 545
701 124
543 537
518 906
805 71
404 749
747 213
214 444
497 719
631 100
482 836
667 159
782 725
6 719
792 938
34 645
184 853
847 782
170 951
763 279
190 941
637 763
566 77
601 374
638 810
434 586
704 970
122 838
618 249
272 530
862 799
251 51
979 182
604 147
706 851
841 417
804 770
617 773
652 800
772 224
215 18
551 452
269 766
860 421
300 508
534 136
199 670
273 694
474 749
752 426
764 67
78 185
697 669
14 797
420 316
26 954
718 541
399 619
757 670
325 437
873 911
218 667
115 782
108 949
670 907
672 177
981 368
275 354
568 199
430 52
398 131
228 7
223 215
190 168
291 98
851 50
235 89
596 490
295 144
660 90
763 830
858 394
849 44
452 561
606 895
157 930
592 397
990 402
818 543
701 890
223 128
539 103
729 209
695 107
345 862
444 915
862 601
3 879
855 261
274 887
554 72
94 260
567 536
155 852
790 199
435 996
41 548
710 290
965 371
853 911
422 122
847 158
143 648
870 251
107 546
990 575
372 373
722 882
981 129
339 989
286 965
998 445
473 548
750 951
547 636
988 404
351 626
509 628
825 676
104 390
231 497
984 94
835 745
683 357
232 741
22 113
606 484
54 126
945 559
271 844
599 259
701 761
117 903
238 664
123 848
257 832
432 183
248 517
493 316
394 622
921 615
295 721
765 399
724 905
218 418
126 732
332 193
994 908
518 836
443 187
179 337
590 744
497 567
806 467
676 781
12 398
864 76
250 480
263 304
124 92
242 905
812 573
462 201
42 702
51 998
279 447
974 662
670 926
779 21
987 988
668 549
430 860
74 673
971 69
96 419
985 336
275 796
433 279
915 706
772 764
504 631
366 552
395 862
741 658
875 597
365 382
993 519
160 75
781 90
697 512
187 376
690 23
62 619
494 250
820 729
299 611
831 144
670 297
683 223
939 223
499 496
548 85
994 80
840 684
316 535
344 515
569 833
374 802
335 441
427 21
163 121
900 819
479 715
856 137
846 712
513 435
40 106
521 111
422 660
245 615
738 950
499 130
22 62
834 540
278 411
859 600
690 48
49 258
321 862
159 935
96 211
103 391
264 641
749 810
577 1000
275 728
648 459
761 981
799 973
139 630
245 692
134 43
207 938
173 702
362 427
73 949
883 977
745 111
380 223
747 909
737 176
383 441
289 623
550 538
709 190
357 817
571 358
34 553
922 642
651 645
38 471
998 131
923 520
811 284
982 817
148 484
88 0
512 584
359 785
780 167
147 916
442 242
225 702
1 878
737 808
842 514
6 928
359 184
847 581
863 305
528 605
949 654
279 433
995 661
75 24
194 806
398 621
247 805
118 995
393 987
672 19
656 356
903 476
326 645
841 459
851 638
559 876
868 140
301 714
442 144
353 149
576 650
319 885
396 621
530 589
230 675
387 692
653 675
816 715
820 682
211 431
963 295
234 112
57 977
27 316
468 876
950 184
432 965
635 996
158 550
474 369
487 814
297 356
423 385
712 432
949 455
896 617
132 409
821 824
804 771
791 275
478 664
921 363
530 188
771 576
500 146
971 101
187 730
455 456
750 332
55 295
959 763
124 296
400 673
420 193
705 625
61 35
508 695
95 989
117 763
490 345
677 827
412 111
669 98
517 455
568 848
940 235
646 930
139 801
706 469
141 866
357 173
245 39
975 19
507 842
261 944
397 623
814 670
401 709
784 311
906 112
237 360
527 203
821 449
457 597
233 897
602 69
101 803
989 179
737 218
893 863
311 285
656 883
449 967
557 442
210 73
18 255
731 185
445 212
307 810
794 242
940 778
592 450
249 965
694 14
269 885
338 526
132 326
860 730
726 329
372 45
534 239
754 115
436 91
547 521
112 111
192 515
433 356
536 796
307 691
791 435
904 705
8 155
969 824
15 5
4 122
697 716
971 203
109 590
521 189
636 861
957 650
588 990
549 766
657 967
376 596
912 17
650 709
592 177
361 837
931 873
32 945
614 367
465 885
292 823
875 92
920 362
64 267
844 369
867 527
993 30
252 534
863 128
404 37
350 543
894 168
553 49
654 228
804 917
965 484
617 345
173 934
517 54
673 363
640 355
7 186
377 81
4 775
314 944
712 939
