21 1000
997 48
997 932
997 983
976 991
886 995
768 996
479 997
365 996
279 995
53 992
20 985
0 923
0 740
0 621
0 586
1 164
2 11
205 1
943 2
968 15
973 18
997 48
997 932
997 983
976 991
886 995
768 996
479 997
365 996
279 995
53 992
20 985
0 923
0 740
0 621
0 586
1 164
2 11
205 1
943 2
968 15
973 18
277 487
407 561
6 757
35 255
865 26
103 435
335 810
880 349
548 230
332 383
425 126
683 452
398 679
517 302
126 228
699 58
185 1000
602 427
722 959
377 20
236 998
725 89
594 14
815 676
399 558
631 267
899 911
141 75
268 967
76 424
781 383
594 151
550 685
513 61
166 251
244 549
950 441
883 871
407 478
808 965
635 615
633 19
586 5
425 958
522 504
39 949
266 500
708 362
245 30
35 408
252 649
505 145
620 674
793 847
463 697
443 90
619 2
492 676
214 345
689 711
58 576
690 698
553 796
85 702
484 236
758 971
728 705
253 877
459 992
27 895
317 988
192 715
234 173
168 266
825 355
834 253
276 144
307 949
732 426
672 321
975 206
715 697
257 621
77 498
393 684
47 333
504 223
63 253
777 626
999 449
194 789
93 504
845 885
243 409
474 231
635 115
414 422
602 300
654 808
639 243
665 884
736 629
972 818
359 197
598 969
212 18
294 619
485 842
684 272
455 639
341 112
399 832
216 588
779 160
690 772
115 167
16 703
830 546
316 424
890 669
361 184
884 28
320 680
298 147
67 81
427 754
529 689
803 224
473 493
545 477
149 939
110 223
226 886
10 750
15 537
927 86
123 749
206 972
511 897
50 783
995 541
266 116
203 633
959 787
47 924
48 445
370 875
651 55
392 628
98 974
672 387
316 888
286 594
425 556
387 392
647 577
950 237
250 232
548 884
697 930
98 580
867 202
857 278
362 344
351 283
271 449
434 791
235 558
401 757
584 466
223 552
516 442
22 971
687 726
553 356
543 540
579 192
249 583
388 106
998 198
808 43
241 899
100 412
962 293
967 381
370 486
203 32
191 906
623 393
514 697
789 963
998 270
516 327
723 657
148 469
672 532
394 819
564 689
223 466
195 490
156 782
477 42
883 535
492 848
452 646
314 814
785 733
834 504
629 900
369 146
995 626
461 371
58 349
958 86
23 646
240 758
297 589
368 93
226 435
410 596
374 45
421 642
71 566
686 204
881 87
442 576
258 588
356 570
652 887
489 79
595 195
732 183
28 739
759 753
933 388
36 250
22 824
913 60
334 942
277 902
414 858
399 821
230 843
322 894
240 900
532 152
342 21
602 221
527 374
642 904
221 625
207 242
384 447
196 270
528 470
484 974
390 176
797 873
293 632
674 31
21 262
438 913
654 873
200 332
195 566
26 641
771 430
746 202
632 692
50 23
145 685
161 72
169 763
118 366
752 763
692 511
209 750
20 299
856 794
228 521
768 805
838 765
705 711
258 799
604 910
383 581
961 522
658 940
328 985
984 396
486 496
181 229
641 991
467 948
613 290
100 374
388 532
138 288
994 390
538 404
971 264
987 549
487 325
72 236
96 400
111 143
967 854
529 361
111 447
979 665
843 136
723 363
72 131
844 182
942 57
976 445
490 40
956 66
472 941
760 892
430 166
283 280
705 121
658 18
764 394
455 556
501 497
976 4
78 57
489 212
201 871
667 167
618 539
831 605
263 532
933 177
950 588
840 710
528 147
222 987
125 940
317 102
521 211
507 529
199 45
991 623
973 880
102 650
296 725
73 798
484 495
271 987
250 482
917 587
191 761
600 368
461 609
131 34
734 271
602 260
543 645
493 356
418 158
431 216
632 375
15 903
348 355
297 930
793 546
326 70
610 115
144 112
961 81
15 82
176 949
184 940
291 921
362 319
537 470
300 318
565 516
139 917
637 598
25 153
376 36
834 364
776 854
744 832
600 698
231 200
869 662
221 357
62 503
108 506
319 555
513 420
11 283
67 337
94 487
160 747
831 718
998 336
844 501
483 404
719 858
25 994
742 68
876 615
956 526
71 744
633 977
478 77
248 681
591 593
417 571
552 149
618 640
137 936
602 942
29 947
779 407
389 361
595 180
7 498
911 335
643 252
973 617
996 70
2 477
908 514
125 546
763 358
690 935
79 92
170 935
853 738
757 790
697 603
509 531
29 761
923 880
805 251
8 590
153 555
678 704
533 203
490 583
623 695
855 971
443 652
904 556
453 980
953 529
283 849
107 159
508 771
371 109
968 611
873 653
443 685
275 96
890 598
101 685
235 592
914 773
299 262
632 895
599 180
202 28
345 194
679 41
829 39
73 134
325 331
27 990
889 837
153 518
370 993
36 510
606 905
719 418
459 171
310 850
182 270
935 936
974 772
740 552
436 502
66 81
913 298
503 17
103 301
921 255
945 487
969 79
223 940
86 754
960 986
539 603
757 905
403 289
705 138
671 736
743 406
647 964
680 19
872 582
774 374
502 725
80 136
567 597
122 931
989 59
446 121
380 196
648 380
151 211
601 653
894 359
424 335
601 633
730 148
665 746
836 63
618 464
832 420
731 930
964 748
493 395
745 959
753 239
861 134
489 483
865 77
268 885
104 995
90 887
544 482
164 350
953 280
531 201
581 914
302 554
529 555
987 843
106 77
638 166
696 29
286 395
61 810
584 404
605 638
715 487
964 923
563 342
92 379
847 479
110 480
886 503
557 738
829 941
483 361
87 136
86 818
20 845
878 811
656 743
15 915
717 38
470 305
69 884
15 931
197 901
157 723
517 601
979 235
810 454
805 97
450 399
826 117
940 529
50 854
218 939
964 306
57 499
687 284
910 946
908 780
652 553
103 536
982 671
198 262
780 914
604 576
291 249
702 21
983 637
567 957
268 429
547 201
392 336
453 99
593 181
315 847
861 664
481 657
191 330
526 533
530 43
612 185
2 88
624 881
93 1
845 479
148 64
226 231
303 87
691 287
874 429
831 420
124 576
776 961
905 507
397 709
42 194
871 314
163 270
977 356
177 578
549 390
737 874
911 265
894 54
16 56
964 527
851 269
30 37
731 805
934 123
237 35
28 584
383 12
57 796
203 196
709 917
833 746
267 454
543 654
270 753
318 991
491 863
174 596
12 450
43 775
304 407
437 927
887 130
474 783
219 291
574 899
241 193
180 499
250 458
135 833
428 431
795 148
834 196
849 618
804 555
1 500
440 480
316 655
448 331
914 642
486 633
102 630
646 779
824 821
474 911
477 42
990 308
136 159
500 166
952 676
271 962
429 504
833 803
711 572
976 115
997 291
153 575
590 308
926 948
396 741
19 203
603 489
83 976
906 491
31 841
85 657
513 22
339 256
997 974
690 497
168 364
36 408
862 102
975 653
628 206
369 747
281 11
478 247
908 227
938 382
232 819
904 494
495 492
208 667
542 312
159 648
524 838
451 420
900 787
516 568
965 219
303 452
382 859
135 239
452 675
707 392
738 891
256 607
753 195
736 804
36 824
361 438
669 879
552 439
134 83
848 587
950 891
827 521
621 891
672 281
836 753
115 78
752 958
236 440
601 934
100 467
429 16
745 584
75 680
166 71
372 587
620 857
996 508
539 330
224 509
246 948
98 932
369 439
670 350
343 419
870 8
311 609
81 768
555 609
865 13
833 98
867 814
485 220
896 610
989 880
144 778
196 663
516 233
879 341
598 221
287 585
32 538
669 52
765 982
100 788
788 818
397 860
694 931
759 833
873 585
826 141
253 503
572 962
159 253
178 59
522 867
637 428
722 441
929 362
210 937
110 655
320 91
931 753
628 503
208 258
274 937
282 827
975 258
880 384
692 652
806 955
649 450
173 716
495 641
659 166
165 252
139 893
935 580
19 468
810 89
132 431
613 505
410 205
570 578
857 887
978 399
220 129
455 38
223 941
316 617
658 620
788 701
588 31
920 974
606 19
132 735
999 889
122 126
991 989
715 481
571 416
923 878
801 695
355 891
216 865
178 861
411 445
366 154
907 480
659 967
392 720
889 90
27 769
825 286
445 48
164 698
966 803
143 102
475 870
721 201
433 344
134 412
895 555
379 11
97 59
281 799
357 839
795 539
489 225
178 120
570 94
179 605
632 817
548 439
516 229
686 304
979 15
229 103
464 531
984 831
594 550
672 805
307 460
616 805
329 259
398 525
548 406
946 386
279 507
426 489
346 427
184 508
195 582
211 601
871 726
818 724
299 291
327 847
60 511
101 949
857 865
385 166
732 32
169 315
178 94
762 986
724 291
80 842
92 920
36 815
584 999
467 458
761 512
483 216
841 716
855 908
450 785
946 346
977 126
681 953
281 923
807 219
378 679
597 61
960 315
155 384
745 348
475 210
902 177
658 154
892 842
445 976
297 923
391 579
358 645
20 915
317 483
921 432
621 653
528 282
234 721
250 38
380 249
313 5
798 298
233 555
102 345
152 470
9 383
409 279
745 833
738 70
270 813
293 447
380 701
422 670
794 634
251 77
806 132
176 753
404 382
351 921
698 776
896 13
824 145
445 241
544 308
303 865
883 43
249 328
841 180
14 464
647 466
885 527
580 571
100 120
9 812
196 592
170 250
90 387
