19 1000
1000 588
1000 825
989 964
988 976
987 985
967 996
811 999
126 998
15 993
0 984
0 923
4 103
12 24
18 10
143 3
351 1
824 0
986 1
998 17
1000 588
1000 825
989 964
988 976
987 985
967 996
811 999
126 998
15 993
0 984
0 923
4 103
12 24
18 10
143 3
351 1
824 0
986 1
998 17
820 266
461 326
244 895
336 926
536 70
107 48
246 491
317 977
170 440
33 335
807 265
313 706
118 465
418 429
297 239
235 668
780 577
888 233
291 282
445 764
278 533
743 570
333 996
606 685
664 852
604 534
522 300
317 310
193 81
321 865
858 617
439 128
146 450
276 540
555 622
309 8
694 259
126 189
101 186
114 15
852 262
357 577
461 855
641 495
340 1
194 991
877 28
4 154
269 752
318 601
533 815
760 656
380 625
310 89
116 318
638 542
622 570
75 170
678 301
417 567
692 558
918 30
658 968
789 251
550 713
132 468
377 465
757 624
139 878
755 168
981 802
244 661
98 528
710 617
735 293
18 6
527 978
442 843
960 570
61 462
328 776
543 508
844 650
282 730
92 81
263 550
617 102
529 215
378 410
498 262
158 548
488 7
617 758
929 523
716 218
202 659
251 612
528 668
879 238
558 23
941 228
438 893
820 527
219 416
164 950
225 822
624 171
917 434
394 806
877 321
414 914
854 792
410 79
33 823
650 254
511 540
81 394
68 210
377 916
593 920
101 484
617 688
778 225
790 873
412 312
301 70
315 864
881 629
73 827
36 601
512 715
786 375
143 291
994 360
54 373
349 686
668 947
924 704
336 86
553 885
986 25
490 21
110 821
659 242
710 996
685 137
647 866
412 395
80 317
207 8
461 250
802 146
572 40
295 540
194 893
463 973
937 422
902 292
574 799
576 872
882 804
668 390
807 679
537 518
982 700
539 243
880 735
996 371
587 361
584 757
767 25
921 832
955 572
18 513
578 418
131 424
457 112
648 881
736 532
252 903
646 319
849 467
327 208
161 756
232 859
343 961
569 220
220 42
550 421
26 195
887 805
11 467
458 692
312 433
493 220
450 341
680 843
52 844
608 679
492 608
208 553
106 567
362 36
405 97
388 27
212 11
59 333
140 412
61 46
703 482
501 954
62 448
927 94
927 485
285 319
239 732
690 24
644 459
24 58
852 983
838 933
483 632
401 749
30 122
31 626
755 593
607 119
782 887
437 21
957 291
202 971
202 336
407 6
477 921
469 14
659 524
162 892
257 218
169 576
245 150
937 240
559 331
470 824
816 41
497 191
949 662
226 513
451 792
817 403
159 937
510 64
400 115
510 343
68 831
259 730
424 162
760 788
738 715
120 300
258 486
972 800
322 394
546 979
134 776
60 512
942 966
392 247
532 596
331 309
378 464
111 728
999 785
38 842
95 497
443 520
624 422
657 892
542 896
677 4
495 677
948 914
29 719
229 769
105 343
65 489
918 275
278 285
743 558
1000 902
228 689
256 478
289 226
200 910
79 745
413 589
690 137
892 753
95 866
325 604
901 998
587 902
56 233
360 896
132 962
951 63
419 130
954 351
651 264
638 174
800 500
347 419
869 311
953 937
119 699
400 754
442 819
313 537
184 562
280 44
522 823
669 332
648 663
533 300
366 212
277 977
56 972
995 256
676 498
84 730
160 417
202 859
165 206
926 454
908 829
538 522
46 809
445 532
583 608
696 653
592 911
394 310
525 263
927 132
647 763
158 179
543 320
28 898
808 154
375 956
702 696
737 828
843 442
159 779
466 413
722 710
660 747
90 941
409 855
242 890
114 631
233 531
943 979
91 341
489 81
154 622
167 212
304 9
926 511
360 359
49 663
798 472
135 278
640 792
670 334
165 862
249 963
722 365
355 244
590 15
370 762
903 205
994 455
695 85
341 278
65 9
45 946
788 197
812 511
977 820
186 284
88 885
953 299
205 297
120 256
422 624
196 409
794 724
771 707
217 243
336 344
730 594
442 87
962 993
469 525
503 229
964 317
932 960
474 719
208 647
685 316
228 934
501 892
618 18
520 527
948 81
840 141
47 140
275 83
31 575
208 689
468 396
251 598
39 476
791 808
923 364
529 977
938 843
736 990
570 391
923 531
51 74
17 164
974 908
876 273
282 7
917 236
551 950
880 868
815 946
853 196
175 765
735 10
508 288
960 305
794 20
293 319
607 770
797 961
770 846
310 110
461 976
181 178
103 826
969 653
301 772
713 661
556 906
803 128
628 688
531 125
849 220
831 553
476 540
923 81
939 329
2 51
11 143
845 515
639 684
1000 144
23 860
959 735
13 988
630 345
716 495
35 364
585 548
641 99
915 143
464 29
485 616
515 634
1 794
825 25
532 766
408 896
13 383
739 127
910 303
876 899
996 213
441 906
155 851
397 585
0 225
45 338
944 547
297 939
190 811
946 804
161 729
87 25
740 85
215 222
74 802
803 280
547 926
742 451
630 899
73 645
148 234
855 182
395 212
740 190
848 690
826 497
673 544
498 378
422 279
934 983
113 767
864 969
361 71
219 749
836 374
112 259
140 495
708 292
835 755
775 351
660 332
846 367
832 571
799 583
458 86
35 308
972 865
31 395
439 163
298 273
616 560
511 71
898 978
390 144
196 700
935 364
287 180
345 588
72 613
404 810
779 222
72 19
793 731
39 823
160 853
507 722
26 67
640 974
517 859
557 131
111 859
315 422
918 613
277 705
869 504
302 685
157 576
84 779
133 181
835 253
384 335
964 728
65 981
68 491
616 724
396 851
29 982
187 583
946 206
910 978
891 665
651 675
366 489
316 187
952 110
279 292
652 788
606 93
505 448
325 409
572 498
980 836
256 5
492 399
487 446
192 927
63 117
90 802
331 517
991 186
868 785
100 519
561 106
606 65
624 395
642 387
738 955
653 403
112 589
498 611
468 561
532 533
934 276
306 827
575 225
168 454
9 27
427 414
529 405
631 12
638 904
697 867
770 439
554 678
326 892
907 726
628 284
616 286
417 324
45 824
244 403
552 311
346 345
546 861
317 880
445 497
610 62
501 353
240 505
579 250
950 210
861 273
824 536
945 355
31 262
639 650
837 233
144 446
856 547
704 273
562 84
626 563
49 419
350 101
700 333
370 434
864 844
38 132
453 440
534 618
20 113
70 328
764 65
75 275
296 920
253 715
814 454
178 627
274 254
165 291
681 50
752 263
540 993
586 138
104 823
333 868
826 765
888 742
428 446
623 31
69 750
167 482
144 65
157 827
195 990
796 872
595 673
247 309
208 301
162 721
223 487
982 440
749 877
948 218
496 707
585 539
38 461
46 621
552 10
564 583
749 917
639 458
634 303
743 799
648 940
352 568
397 168
554 772
645 505
878 314
48 154
518 577
479 909
812 848
326 171
75 380
669 801
226 180
486 221
348 117
398 498
695 515
534 332
883 626
441 969
42 903
180 624
12 310
874 600
311 0
355 210
364 876
514 96
504 74
866 406
136 966
276 480
856 362
902 406
767 613
664 959
675 332
964 34
892 42
843 254
871 856
446 706
766 112
894 189
698 512
62 255
64 431
917 807
962 644
838 888
155 301
862 257
575 301
314 123
557 282
621 840
416 424
176 249
254 630
632 103
825 913
929 356
345 300
715 201
264 725
878 712
64 737
320 835
264 534
571 245
558 992
325 846
512 998
332 378
949 57
622 907
139 72
606 97
774 34
424 859
192 68
792 433
892 764
73 771
120 424
537 259
102 974
569 508
995 264
926 169
892 587
192 310
418 918
900 143
573 645
94 658
858 273
85 239
242 945
899 82
931 443
846 111
874 699
126 408
608 890
573 209
481 786
43 855
776 221
436 5
295 895
650 119
918 322
355 494
294 437
502 87
171 279
50 186
116 678
965 618
209 435
882 421
292 578
534 954
472 165
220 57
382 686
115 16
629 499
671 444
57 677
47 941
688 956
352 264
214 112
522 957
121 789
901 890
428 270
721 267
790 919
244 580
568 695
345 309
679 349
812 757
307 464
975 770
606 799
853 273
535 94
262 122
59 44
171 439
330 183
785 586
593 825
8 505
478 731
460 366
915 961
466 818
976 412
996 640
914 281
803 53
432 872
473 345
976 12
302 822
375 749
26 367
127 917
604 182
769 247
892 165
775 688
820 875
606 922
876 552
269 964
469 202
136 778
371 776
8 941
80 155
931 508
907 493
864 609
607 992
972 201
179 613
417 788
917 813
703 287
674 267
714 859
268 86
427 300
886 696
452 643
890 218
20 773
833 844
470 900
789 229
789 307
903 431
76 388
727 484
205 806
961 610
60 899
823 200
683 432
603 721
816 153
328 402
938 374
494 278
262 75
672 981
939 673
2 984
846 875
764 264
453 923
675 510
17 118
308 85
105 309
809 871
466 117
85 598
513 386
342 356
275 749
828 14
692 694
840 95
320 591
810 573
469 102
296 239
93 395
258 424
108 592
971 812
285 70
502 914
319 119
154 502
661 3
449 74
843 40
329 394
488 184
137 959
174 49
200 950
114 898
663 365
458 949
440 175
341 116
26 282
376 308
699 132
956 541
304 659
78 546
368 404
987 981
170 52
799 910
448 624
