18 1000
999 156
998 597
996 850
995 921
990 989
733 1000
528 1000
29 998
13 970
0 923
0 242
10 42
28 24
113 0
887 0
951 1
973 18
987 33
999 156
998 597
996 850
995 921
990 989
733 1000
528 1000
29 998
13 970
0 923
0 242
10 42
28 24
113 0
887 0
951 1
973 18
987 33
965 725
937 282
361 660
364 285
300 169
134 406
47 592
769 409
236 452
934 114
538 584
905 225
397 804
931 542
574 535
833 188
75 947
552 406
105 695
568 41
245 17
457 514
928 68
442 792
43 652
895 215
286 384
980 301
722 491
673 376
11 712
227 531
949 943
914 830
709 770
435 239
948 368
44 429
135 115
170 250
789 29
971 944
211 900
201 119
727 75
480 310
608 909
893 401
996 816
857 312
836 674
192 876
894 672
124 682
933 896
216 151
261 233
906 146
164 139
526 575
983 75
315 530
47 410
993 744
32 242
615 53
199 528
542 773
634 953
218 163
923 79
21 259
479 918
6 473
895 295
799 597
696 48
575 846
174 528
23 35
207 145
299 372
425 123
199 428
484 537
851 941
101 259
875 696
630 277
306 751
3 728
358 210
196 37
587 464
715 236
536 948
732 140
37 913
719 709
884 561
443 409
48 983
68 996
81 677
407 677
168 944
864 942
208 104
135 545
939 654
926 262
259 77
917 135
2 453
340 362
393 707
568 974
445 760
859 595
364 668
318 998
753 555
1000 508
811 42
638 944
395 63
777 192
336 901
566 871
586 767
772 457
733 292
452 870
537 981
604 49
212 76
346 716
325 372
425 569
603 519
339 571
360 259
637 269
3 81
916 471
961 532
363 148
339 577
728 459
70 269
23 477
44 183
338 625
354 893
832 589
753 247
96 281
292 260
559 102
883 710
953 35
23 71
445 470
501 154
266 44
861 530
31 89
264 557
562 897
150 775
618 449
875 611
71 216
595 681
351 584
496 31
760 78
680 790
724 775
131 239
779 9
278 349
700 229
944 756
155 66
67 753
502 20
46 815
969 59
836 609
262 809
891 500
82 419
514 66
180 484
694 644
201 442
200 440
246 150
652 637
482 941
609 285
273 692
259 428
784 352
987 446
39 741
918 535
440 632
347 314
997 868
14 756
227 957
225 827
756 282
919 39
525 989
749 337
185 6
391 340
318 863
883 145
317 900
143 533
550 542
445 444
190 530
153 959
677 704
768 454
978 582
57 441
120 789
232 262
290 165
180 95
792 542
339 884
44 81
201 941
601 543
376 942
851 706
458 686
660 623
827 99
835 970
840 884
443 704
978 787
39 390
434 131
310 498
107 701
773 911
944 55
291 887
380 771
753 608
739 322
852 385
461 410
969 595
121 249
744 253
232 843
325 214
214 56
993 550
844 691
314 414
39 356
332 61
447 525
530 262
309 765
378 199
633 756
139 732
250 75
716 342
495 948
712 686
569 65
462 559
739 182
469 869
258 605
587 172
379 892
768 397
799 981
631 503
498 402
587 447
705 232
85 933
248 959
288 702
726 392
422 548
546 2
650 745
3 531
145 636
898 988
27 936
420 329
549 145
308 504
212 985
341 685
332 937
242 376
732 339
344 232
889 151
168 488
272 290
938 590
159 726
163 3
345 64
420 456
368 168
163 369
892 918
449 150
920 560
796 812
843 609
854 452
600 299
158 982
722 336
363 729
354 732
999 155
45 516
50 988
571 605
765 524
364 609
968 995
454 283
894 985
837 762
525 382
105 203
97 734
906 39
77 869
324 760
381 433
118 790
113 158
33 447
330 503
163 494
327 675
81 549
624 541
587 83
919 511
683 465
350 583
923 65
173 188
46 73
275 759
825 581
182 443
690 205
383 826
647 749
81 860
875 262
486 681
395 15
927 989
498 507
171 801
726 944
680 80
870 29
396 420
485 879
778 970
193 214
406 200
58 86
314 784
758 432
257 71
373 393
164 552
522 410
815 554
334 572
280 822
131 913
50 928
798 129
138 546
909 983
267 175
939 329
37 100
419 769
401 363
473 453
453 205
219 708
331 683
817 922
498 140
691 376
578 641
99 558
838 259
767 6
163 690
53 2
790 849
777 196
470 387
306 277
664 517
893 514
248 464
761 458
407 408
559 962
725 662
449 492
406 457
286 118
554 106
398 524
313 285
187 949
163 947
287 787
52 230
798 376
456 412
505 467
864 662
708 843
489 930
153 545
839 82
641 587
705 872
291 530
144 675
357 479
17 455
712 582
534 512
952 517
194 817
857 217
321 240
58 564
183 553
604 123
252 838
50 63
750 988
383 768
218 132
398 441
475 375
21 428
239 701
891 171
320 935
688 78
285 722
550 683
56 290
852 844
212 575
106 245
464 732
843 76
385 858
435 472
819 704
256 947
988 158
523 738
770 651
54 562
624 875
808 847
963 646
954 686
524 927
387 172
574 46
891 345
953 803
743 906
455 87
570 854
887 980
850 643
305 360
699 268
39 753
814 614
773 460
200 222
226 562
690 363
926 810
943 561
732 151
167 428
850 74
539 615
589 984
80 483
420 186
420 554
508 95
236 12
642 499
952 877
925 169
467 769
910 948
242 351
352 494
276 268
662 151
899 60
711 172
101 402
577 687
587 951
93 236
950 337
71 124
64 572
420 26
288 144
424 911
496 806
971 688
896 914
956 663
720 558
576 262
830 146
890 176
812 728
983 208
730 747
934 460
447 612
127 53
225 881
658 638
624 287
891 546
83 236
583 791
355 856
777 918
493 563
158 347
605 752
514 721
330 798
283 264
226 187
936 310
159 826
345 247
979 619
492 409
167 820
769 827
268 454
926 860
790 813
211 5
536 547
585 784
514 250
286 335
956 829
799 366
201 320
664 857
168 783
891 54
461 427
438 728
783 811
724 498
179 863
590 551
715 218
790 825
972 138
517 73
8 998
7 238
195 188
376 991
727 790
627 896
609 471
507 714
229 792
37 901
616 460
678 822
944 700
50 148
311 513
991 224
480 206
359 848
480 52
854 408
354 381
425 235
445 674
157 836
833 228
573 740
719 532
487 734
775 614
700 709
299 388
840 34
451 355
258 649
854 328
53 714
80 210
52 676
393 452
657 161
202 661
372 621
863 104
133 832
523 660
593 442
228 628
380 665
317 22
190 390
714 673
603 546
285 503
269 459
694 524
485 210
791 940
909 868
497 531
233 468
885 904
158 272
445 699
553 618
590 334
605 335
117 185
979 501
483 977
833 971
156 853
628 860
191 186
324 521
425 529
489 478
279 42
939 899
403 184
8 806
817 31
292 149
417 89
338 932
668 234
731 222
484 440
554 874
628 333
971 236
980 994
441 735
800 216
623 706
269 301
488 191
810 991
503 655
713 171
561 873
540 333
894 378
74 650
818 557
535 891
678 812
776 81
881 243
784 977
323 381
43 1000
334 356
896 801
724 939
557 667
182 627
488 178
178 880
839 367
437 211
289 282
869 965
604 373
852 587
103 739
803 920
709 131
389 746
264 661
501 680
394 212
12 49
127 78
803 741
354 835
886 417
188 19
434 296
761 2
374 663
210 237
488 587
958 690
237 873
559 185
120 551
944 79
736 544
145 390
287 229
238 86
467 813
446 898
512 997
215 561
483 617
993 966
841 291
474 791
996 903
777 698
615 181
660 818
711 364
287 485
843 341
808 698
213 744
706 787
42 522
494 935
782 948
448 618
907 967
130 808
679 180
277 646
514 221
373 857
25 307
280 754
895 134
776 767
115 214
997 699
418 849
630 101
412 645
922 286
594 617
357 535
846 173
81 411
147 711
672 157
616 613
447 83
992 28
210 8
636 875
125 837
228 389
836 963
496 491
93 934
282 323
591 577
204 251
8 418
8 941
265 18
783 332
800 758
183 338
838 47
769 958
552 320
330 905
335 475
443 523
248 638
782 945
912 433
810 571
695 756
757 456
42 324
31 962
808 261
102 465
11 65
109 744
21 220
375 303
390 342
52 389
96 971
266 980
680 957
405 484
805 944
943 307
119 181
113 543
9 305
477 736
376 823
487 990
900 169
707 514
121 730
638 334
759 69
444 234
169 122
655 531
83 360
316 234
235 298
425 994
482 891
31 471
850 56
572 344
744 950
317 944
493 469
36 695
235 767
408 353
959 499
698 584
237 57
604 632
615 293
901 233
604 247
847 903
167 839
579 764
852 786
268 520
967 528
567 936
364 534
897 638
331 180
349 828
109 369
886 993
783 452
967 888
388 118
278 852
557 882
34 123
311 37
743 666
983 106
318 166
997 803
72 585
920 762
373 487
555 893
969 507
67 4
157 30
38 308
37 451
765 8
450 814
677 654
631 358
804 479
860 268
738 20
50 968
113 451
17 415
637 604
544 352
964 548
693 495
995 684
512 245
329 351
635 48
460 849
840 502
46 159
301 876
579 703
370 161
127 42
157 554
240 213
537 372
161 108
311 676
436 461
246 445
432 700
302 249
88 163
238 707
183 639
837 995
12 575
947 796
78 440
852 928
892 410
429 400
482 402
249 798
982 94
574 407
204 475
322 608
664 730
2 29
367 317
453 524
949 931
247 319
96 776
874 929
926 611
13 485
340 4
961 427
