13 1000
1000 235
996 965
885 988
645 997
303 1000
86 998
0 984
2 13
69 5
401 0
840 2
966 4
998 17
1000 235
996 965
885 988
645 997
303 1000
86 998
0 984
2 13
69 5
401 0
840 2
966 4
998 17
977 287
558 841
999 41
184 55
756 273
831 328
750 878
184 499
261 200
466 897
977 592
508 962
994 114
233 779
385 438
585 708
972 584
735 457
107 157
458 520
823 326
708 973
543 410
469 392
805 835
621 961
667 572
735 974
932 419
863 386
783 614
879 706
478 424
146 182
39 107
666 830
338 417
948 804
444 533
881 626
462 281
183 198
943 132
841 491
577 498
231 215
160 229
81 651
498 164
490 618
304 629
463 498
85 497
909 32
1 723
243 743
873 631
302 475
923 759
720 608
261 674
5 17
953 376
972 727
158 778
491 610
910 219
987 197
45 115
733 764
764 394
145 343
473 408
389 478
258 888
771 347
178 157
275 861
276 604
144 504
802 430
418 558
387 137
379 497
120 173
471 615
364 931
739 628
445 524
611 37
363 887
504 92
371 920
954 881
612 857
62 697
337 316
974 563
665 158
394 814
100 379
432 828
16 522
131 941
243 821
682 159
794 65
404 865
405 79
472 744
941 611
131 390
935 985
222 287
239 701
876 902
795 483
239 895
107 759
445 968
121 596
320 103
374 398
660 712
725 644
786 444
514 492
987 812
276 596
251 747
167 733
728 772
151 728
581 497
547 833
558 477
269 704
593 127
697 73
341 195
758 38
218 46
403 43
316 550
786 290
513 661
985 579
399 762
964 857
852 24
92 667
564 226
898 596
643 42
463 86
687 629
441 653
120 275
285 658
505 739
75 993
102 309
23 902
102 199
158 243
431 572
944 863
884 140
87 977
670 881
559 221
78 969
581 997
120 774
362 176
445 928
859 624
103 957
559 250
653 522
313 854
883 684
132 539
924 305
206 2
683 213
819 203
586 682
809 565
936 25
827 104
35 631
186 1
148 699
458 755
228 392
453 547
363 858
753 415
16 90
779 399
664 182
631 781
31 628
465 65
194 794
389 964
452 135
42 501
557 24
761 297
196 331
247 955
40 200
713 470
635 530
597 574
314 877
892 950
434 111
76 566
416 414
789 895
721 6
827 608
739 586
839 251
867 100
562 199
404 746
891 560
521 841
872 56
678 167
867 189
619 577
176 727
567 356
80 674
174 834
636 618
11 751
66 192
307 973
235 60
361 562
56 486
336 431
272 918
441 288
497 218
123 570
145 623
178 375
132 388
149 70
714 393
822 921
399 965
150 740
310 380
59 883
170 897
106 17
792 240
594 124
871 682
869 226
519 97
530 789
793 631
537 631
850 603
423 99
523 304
989 186
84 964
629 209
60 229
799 736
748 715
705 223
237 393
379 583
427 190
693 576
744 973
785 498
961 629
899 654
567 84
391 513
986 823
446 327
174 439
764 813
946 553
825 837
996 832
976 227
737 496
124 529
128 65
267 135
365 36
57 274
211 841
241 103
685 638
215 737
851 420
737 78
545 676
5 436
956 857
289 972
224 606
105 697
728 915
397 608
597 233
661 482
373 769
167 823
428 176
254 724
746 359
486 6
534 607
253 352
139 523
702 288
363 14
567 733
68 870
351 633
5 478
893 565
816 237
376 434
531 203
58 552
847 745
254 554
391 427
698 498
150 262
868 659
786 88
46 512
583 247
921 134
657 998
763 819
150 840
911 930
572 334
167 400
89 606
415 975
870 711
14 487
100 824
270 53
715 440
231 985
769 294
180 155
244 802
284 560
977 659
991 159
422 960
723 207
850 647
821 700
465 313
939 36
838 146
786 222
404 688
875 363
204 415
690 821
539 358
478 852
961 628
519 282
684 293
277 511
687 489
522 126
110 703
885 636
120 698
783 464
480 478
338 861
878 956
192 232
880 684
503 91
787 584
54 465
378 718
824 894
893 555
132 754
475 995
649 327
442 750
852 114
395 150
603 520
822 925
390 423
273 512
732 422
403 544
234 913
702 897
258 501
680 468
56 52
806 936
469 57
315 359
690 411
176 892
859 133
994 551
720 284
547 975
227 195
367 658
208 766
284 264
554 213
87 553
622 22
137 975
120 942
407 961
43 274
961 171
578 909
246 83
549 599
657 5
643 73
390 981
684 295
283 861
202 269
79 842
345 382
979 895
882 639
463 698
513 411
825 231
539 76
968 81
903 584
434 300
101 597
588 203
264 684
838 248
7 250
559 745
44 615
617 67
600 305
555 280
916 720
335 588
701 242
927 239
161 592
446 160
887 24
530 17
309 566
789 418
266 508
561 197
341 894
260 958
198 644
923 990
847 334
603 202
66 69
173 987
975 291
215 942
894 522
462 460
450 164
294 789
227 511
309 361
523 427
741 712
851 73
560 82
372 403
215 768
843 994
657 989
80 994
692 4
924 918
857 417
366 913
298 566
382 37
494 339
612 935
160 441
682 357
175 375
41 991
607 142
289 112
150 237
422 126
778 990
876 399
570 723
269 441
855 150
281 680
477 938
539 449
888 756
548 563
377 577
223 288
996 642
625 130
674 363
389 900
434 873
613 380
22 529
250 118
567 72
283 931
128 388
787 36
478 505
456 86
561 367
504 816
841 695
581 548
203 356
456 853
660 813
506 338
930 838
595 523
804 544
953 648
493 912
181 856
356 435
18 554
145 292
375 651
891 678
224 881
481 479
857 56
209 215
557 935
217 278
67 960
853 143
448 906
369 844
697 606
757 747
424 752
757 530
802 964
441 248
928 239
460 628
856 600
266 206
990 403
310 564
413 497
493 305
513 761
90 937
472 506
387 16
12 641
162 369
441 128
184 971
348 493
608 924
185 46
477 887
688 531
975 843
662 232
496 837
539 337
882 203
239 332
110 597
268 366
373 444
482 466
188 199
179 376
692 852
201 151
979 422
792 304
545 642
807 205
771 464
670 813
799 36
133 821
765 352
949 482
111 993
445 968
132 302
809 42
257 149
463 454
96 357
891 760
394 891
52 223
795 146
187 705
323 570
374 195
1000 792
30 698
453 827
30 429
955 683
279 832
753 190
21 498
393 700
434 174
978 329
539 744
167 993
924 652
417 213
287 941
328 945
209 585
593 192
17 716
236 926
29 939
863 646
488 419
263 590
583 992
494 361
148 234
706 220
376 240
94 66
779 382
468 619
428 4
194 943
548 742
863 275
315 153
504 502
796 606
293 440
598 892
257 626
830 67
967 474
359 446
439 270
477 357
81 453
723 925
611 165
427 920
14 953
942 536
87 120
619 75
650 91
712 916
583 533
904 868
341 100
371 711
428 766
983 197
445 533
401 468
930 358
473 235
2 127
483 649
877 443
561 226
664 878
388 422
59 487
875 466
732 76
630 865
56 531
230 39
771 270
473 582
264 258
354 206
81 36
423 959
234 355
995 300
49 745
440 830
226 876
294 205
4 345
403 573
401 135
425 610
72 939
129 938
252 548
898 791
756 505
80 735
762 212
930 534
861 109
111 144
845 29
81 509
501 97
395 642
847 132
616 813
413 621
961 982
296 879
623 16
214 217
244 249
454 884
563 466
81 22
113 2
83 365
426 363
76 444
788 308
916 202
97 822
110 971
2 598
315 660
827 201
397 503
245 806
773 0
901 615
922 303
493 910
706 423
480 762
523 551
530 687
303 415
142 308
126 76
984 765
187 679
34 565
660 96
144 414
468 700
622 144
771 792
470 929
188 485
541 425
769 660
414 918
601 189
14 537
28 585
855 120
594 832
332 0
231 297
439 421
61 560
574 661
353 850
720 104
304 211
201 717
81 289
377 928
792 228
67 583
543 309
713 14
805 447
450 543
642 973
457 510
250 578
77 126
251 313
952 873
919 920
903 691
277 35
620 243
12 453
361 869
340 185
245 568
476 713
249 775
457 538
335 593
18 306
960 895
772 608
835 398
773 764
727 209
16 334
329 355
160 25
968 198
247 418
712 363
293 118
890 764
582 975
915 689
963 298
677 530
282 603
641 963
86 607
900 107
779 836
347 512
919 619
124 986
507 611
373 867
992 266
843 119
928 292
762 680
18 37
956 633
237 160
605 356
559 105
383 837
376 242
773 279
591 78
760 13
661 715
470 985
164 202
257 687
451 479
176 947
898 809
877 999
823 918
175 748
284 967
636 572
839 267
932 267
246 34
542 75
722 257
904 619
597 209
30 877
465 794
213 267
257 639
407 402
41 595
96 914
598 916
257 173
681 243
136 975
187 594
94 818
366 117
998 918
236 768
144 51
611 139
418 395
610 344
238 377
901 161
126 105
799 184
923 218
678 190
365 530
435 557
152 125
149 163
589 428
63 42
273 856
9 137
442 586
517 539
384 736
782 496
467 64
879 96
438 67
594 435
704 650
968 489
327 715
576 848
2 416
718 296
728 799
626 595
839 869
972 850
244 730
138 184
934 473
94 45
408 276
52 80
127 236
535 116
795 591
598 772
350 700
579 721
181 765
838 531
614 577
387 563
909 521
36 427
193 279
238 28
724 740
16 307
280 342
744 81
832 846
848 961
359 373
855 176
