19 1000
1000 29
996 627
988 850
977 968
946 996
710 1000
455 998
107 990
30 968
12 933
2 848
0 621
1 81
16 44
69 0
481 1
859 8
902 12
982 23
1000 29
996 627
988 850
977 968
946 996
710 1000
455 998
107 990
30 968
12 933
2 848
0 621
1 81
16 44
69 0
481 1
859 8
902 12
982 23
660 506
908 699
737 861
567 133
586 354
833 478
690 505
65 623
274 520
570 82
458 711
552 365
786 62
914 401
187 237
673 255
182 899
43 182
874 803
127 67
63 678
411 593
961 809
360 151
650 607
354 616
193 430
236 969
960 43
28 832
187 284
696 434
238 367
134 688
278 39
884 896
117 649
277 463
811 783
684 394
431 516
115 619
111 211
204 925
357 270
371 161
49 668
547 782
373 922
483 270
689 981
679 341
223 101
837 731
741 409
824 325
236 297
363 0
42 268
74 71
261 768
594 16
367 491
663 513
89 120
995 609
984 587
582 967
964 600
117 972
580 806
818 588
437 916
951 661
616 767
247 758
270 448
843 720
262 873
771 187
426 579
88 531
220 324
926 201
795 346
750 157
131 754
958 18
638 331
725 852
831 917
515 954
116 156
999 88
798 599
753 540
654 504
930 167
847 73
507 997
316 627
8 300
753 644
38 956
97 531
676 920
687 599
995 502
36 526
248 185
549 1
679 8
104 492
524 611
319 55
237 102
808 421
188 16
144 911
299 615
675 828
755 538
796 143
224 91
817 114
507 23
289 400
140 194
283 937
672 963
526 667
248 648
239 148
393 911
10 665
644 552
952 828
436 467
18 686
990 680
455 609
837 151
351 333
973 847
918 622
975 994
431 597
771 776
264 4
357 992
503 733
63 200
536 249
62 321
807 885
768 756
423 353
661 346
589 912
144 684
141 342
938 139
943 35
444 582
629 232
172 198
140 824
110 824
142 883
256 978
180 219
755 497
780 198
49 362
789 202
908 594
734 35
172 655
878 886
300 15
200 806
471 297
616 305
302 121
818 855
880 285
712 169
862 676
485 818
496 345
148 980
463 563
955 615
749 878
680 273
447 587
982 587
586 537
924 281
87 943
746 975
638 384
513 423
311 693
649 489
810 328
32 214
20 804
717 783
930 745
890 324
601 426
828 36
360 309
367 498
992 98
557 148
710 414
192 587
302 978
410 887
73 5
496 663
241 276
707 56
514 541
874 948
299 472
521 63
925 196
383 207
466 647
683 694
920 98
48 129
393 39
278 68
879 942
504 9
272 435
710 412
910 531
943 523
2 951
314 214
27 548
157 304
717 385
51 672
73 338
645 863
522 535
550 797
812 963
431 214
955 662
441 29
670 498
411 524
915 819
462 375
179 6
657 443
216 201
739 927
135 62
713 7
74 229
566 954
976 419
729 337
406 945
490 896
672 969
293 1000
255 278
951 579
108 829
354 963
882 678
383 464
485 762
633 648
355 140
114 601
527 835
721 823
787 957
320 340
519 608
907 832
346 311
807 175
74 768
924 751
737 77
203 183
752 574
463 808
60 546
953 266
351 549
214 620
607 899
782 897
774 984
12 600
685 549
787 963
616 815
300 258
127 346
755 568
836 438
563 41
811 770
286 270
370 81
791 755
63 435
51 511
482 671
451 904
138 922
425 303
323 812
960 567
424 639
173 405
514 675
539 246
790 213
782 747
963 380
920 498
946 22
229 20
950 207
993 758
322 74
580 751
358 609
985 501
18 610
862 512
393 274
115 902
741 4
766 394
24 771
425 254
413 951
237 277
238 699
712 100
637 59
675 553
463 188
881 297
731 139
301 535
715 514
837 628
703 120
855 927
503 407
314 771
74 199
749 118
569 475
38 730
229 208
577 517
63 112
165 7
846 611
203 976
529 841
336 599
82 311
596 632
443 133
414 903
173 616
562 648
805 337
52 491
419 633
529 847
849 396
770 798
222 302
702 854
463 778
496 134
32 126
400 487
868 276
112 378
87 778
793 749
652 528
852 489
883 837
903 563
264 634
74 596
622 732
743 683
686 197
519 280
503 664
741 747
549 477
252 100
292 185
313 824
47 829
562 249
388 84
317 659
244 1000
451 230
459 250
810 116
793 646
480 786
923 515
312 721
699 649
376 35
288 15
531 787
1 502
628 453
227 512
284 882
139 730
868 900
615 562
929 848
158 911
703 337
708 547
647 423
665 550
276 751
903 928
707 140
568 92
963 179
209 918
1000 911
496 53
423 517
21 587
709 957
850 127
184 452
590 876
752 944
367 6
433 696
158 860
161 376
109 633
578 232
741 33
99 810
967 54
578 255
57 508
111 600
270 354
7 446
90 424
886 139
707 134
853 516
761 315
602 332
743 167
32 802
1000 327
837 843
132 436
529 801
857 200
161 742
92 79
292 221
714 585
754 815
22 413
610 277
62 154
611 102
121 874
788 507
675 551
437 592
406 674
609 384
603 589
878 738
596 461
796 357
478 120
107 512
823 724
707 958
506 645
60 170
800 423
180 242
67 96
386 523
253 971
147 316
229 86
676 322
939 258
962 569
833 177
114 699
757 530
216 872
407 778
330 844
376 453
646 9
170 181
799 955
231 785
234 91
982 27
522 654
330 112
798 204
502 111
41 788
634 125
514 139
857 18
644 452
11 804
716 600
450 84
383 27
866 358
635 562
995 249
781 895
858 990
843 897
559 767
521 376
328 613
632 972
824 1
680 487
155 991
411 848
655 546
347 837
445 215
415 488
477 50
731 126
569 797
276 680
267 561
567 707
20 272
660 933
827 258
29 187
521 39
501 858
561 463
740 91
518 441
503 648
21 475
558 64
309 734
98 637
495 847
711 813
311 364
521 160
115 72
258 443
469 807
709 693
950 479
143 509
644 1
540 185
874 675
82 749
252 18
612 568
157 864
112 176
606 602
148 999
909 171
549 487
229 470
250 851
233 454
435 336
259 29
222 915
288 309
993 115
351 186
570 103
442 623
243 575
879 207
738 932
129 389
712 933
300 150
325 129
589 12
413 335
550 990
924 659
99 694
658 756
661 376
172 560
128 56
477 610
887 609
23 731
693 445
652 398
440 460
413 501
792 283
799 107
996 250
955 602
263 691
754 228
13 569
214 594
194 107
47 101
720 33
717 939
254 778
7 583
668 669
216 599
768 958
164 413
57 500
89 511
960 608
976 986
832 695
139 732
19 746
231 905
670 547
715 108
985 417
298 849
217 445
996 115
502 461
20 284
410 976
95 886
224 486
868 998
749 87
137 914
907 513
116 545
260 831
669 206
413 769
893 95
198 765
905 448
44 157
76 894
123 402
710 795
187 10
686 654
241 295
372 686
943 920
95 951
99 303
782 755
676 400
471 599
668 879
100 530
696 811
465 397
214 373
653 84
805 181
123 761
997 761
655 662
337 930
137 915
241 828
18 145
165 640
601 87
711 714
739 238
786 367
698 873
793 669
640 597
711 45
220 477
484 938
944 742
144 492
905 174
832 220
211 26
624 95
99 124
256 912
899 266
362 609
37 536
437 775
278 959
972 903
571 413
839 961
13 397
485 613
467 303
665 713
299 504
292 388
80 894
856 758
888 765
232 681
640 176
504 101
944 999
579 186
447 397
120 305
304 323
126 644
844 285
66 356
262 86
105 616
384 764
690 109
939 668
749 224
84 852
818 341
113 176
524 193
9 806
973 355
495 430
541 897
966 21
354 409
951 289
989 163
463 533
368 581
149 730
693 511
349 315
238 255
818 24
322 286
488 122
950 509
480 476
297 536
89 911
702 237
747 784
35 350
835 397
699 329
768 970
635 873
691 520
251 475
60 214
69 559
853 366
443 597
133 233
563 923
466 705
907 860
57 281
969 489
524 198
569 59
683 451
184 565
602 233
757 461
306 485
605 457
520 161
281 7
128 147
838 570
610 117
563 41
126 582
128 775
62 962
572 736
219 555
577 675
935 843
350 497
412 87
208 523
136 169
986 775
913 17
986 19
292 818
168 576
141 546
260 263
75 80
393 780
323 345
847 243
456 3
138 47
457 676
677 680
792 427
919 171
284 905
940 509
369 305
596 343
521 277
451 637
170 577
975 988
304 584
817 0
742 924
453 480
940 908
573 646
97 987
628 797
719 826
59 793
613 364
32 342
370 766
614 839
822 331
28 633
839 131
760 500
413 590
406 666
780 79
366 784
242 476
732 343
858 76
318 100
357 997
769 217
102 259
385 204
968 668
312 152
568 453
712 499
378 341
923 563
515 174
815 94
801 693
591 537
269 62
498 322
433 760
423 679
120 118
32 412
381 60
91 106
876 879
138 377
616 684
774 145
722 224
790 37
130 75
10 972
295 411
671 597
244 179
417 116
460 850
541 790
676 346
344 79
42 131
846 634
38 286
708 365
524 756
758 521
460 661
938 994
933 127
247 869
631 520
157 673
281 73
690 623
893 773
617 138
278 711
829 839
675 514
509 533
892 323
586 113
515 353
662 805
586 60
393 987
653 831
496 757
311 217
76 463
637 97
722 307
885 250
684 314
258 561
480 771
616 85
391 426
11 127
328 910
759 471
207 701
523 449
145 471
194 761
540 4
22 357
135 400
667 174
332 589
735 2
