18 1000
999 88
999 220
999 415
998 999
640 1000
616 1000
575 1000
315 1000
112 1000
19 966
0 923
5 184
8 102
26 10
161 4
282 3
834 0
986 1
999 88
999 220
999 415
998 999
640 1000
616 1000
575 1000
315 1000
112 1000
19 966
0 923
5 184
8 102
26 10
161 4
282 3
834 0
986 1
153 524
467 111
34 748
632 878
950 598
784 528
588 84
449 827
4 982
16 163
309 2
379 514
25 941
176 900
117 205
520 16
496 95
481 799
794 903
539 721
894 553
493 580
860 878
791 490
515 393
893 489
953 735
180 832
702 336
673 599
606 634
644 961
586 979
7 972
266 988
122 936
861 156
406 333
111 337
36 331
511 577
467 911
506 654
675 907
956 638
943 434
197 756
993 65
262 199
476 313
676 517
75 611
89 271
478 546
884 106
190 343
114 730
40 400
494 257
293 499
762 209
340 466
771 903
991 231
274 310
684 928
886 209
957 616
505 996
54 574
725 873
583 164
553 577
589 12
769 982
66 110
869 178
529 52
134 304
364 6
514 958
617 276
934 897
8 833
312 443
593 270
563 571
222 561
649 134
414 371
845 981
764 855
961 430
509 340
925 622
122 749
838 690
799 621
582 775
406 681
503 617
856 31
856 917
647 508
144 151
284 230
430 993
126 259
463 781
598 163
461 418
61 970
209 408
789 581
345 282
76 582
608 518
807 924
126 164
986 197
277 179
625 368
92 21
784 307
161 324
3 863
627 580
137 46
551 359
444 596
232 728
819 51
260 513
723 496
426 948
683 129
901 206
97 306
691 821
158 394
32 69
199 999
996 810
603 431
750 887
949 712
588 240
312 759
725 98
311 754
990 344
587 126
844 559
470 776
852 66
494 727
805 318
931 542
840 679
976 689
618 79
655 825
984 636
391 878
770 421
303 794
752 841
957 584
482 894
216 135
273 247
426 313
185 267
753 345
776 520
80 674
218 192
932 405
982 855
38 403
488 960
838 57
42 827
217 242
723 825
209 510
110 793
668 309
534 775
8 75
61 841
343 779
756 854
392 874
451 179
542 687
303 443
186 584
300 877
445 80
945 794
21 709
605 15
242 778
171 762
891 466
213 648
772 35
645 503
73 125
536 955
586 410
486 519
661 228
10 185
839 205
429 551
692 836
888 580
261 98
362 519
203 918
131 797
678 306
195 929
697 501
104 512
751 69
953 951
417 754
225 48
66 20
909 232
508 188
810 842
233 390
482 179
860 491
945 709
703 998
315 366
803 7
887 742
558 496
491 420
687 340
998 857
141 833
191 450
917 188
636 184
550 314
496 114
978 498
897 119
851 87
511 194
378 474
65 523
203 101
107 285
235 187
631 628
342 440
22 153
85 157
417 402
538 101
265 365
593 241
253 375
220 567
302 210
918 557
237 344
664 369
640 154
511 992
162 195
650 747
610 81
414 72
903 93
388 647
772 290
954 852
315 189
632 986
958 76
44 227
555 526
776 105
278 944
276 235
225 262
61 294
1000 84
157 61
67 502
880 821
844 172
988 886
340 174
466 352
333 880
785 223
909 970
974 712
884 213
709 266
854 267
711 977
342 246
768 183
139 439
350 194
786 414
392 877
65 388
510 499
502 570
412 989
90 728
30 31
771 713
602 383
880 61
862 714
321 695
81 476
367 173
603 586
145 412
507 559
167 655
872 595
57 675
555 479
73 499
748 563
939 680
878 234
943 404
595 584
862 352
947 653
282 49
769 929
20 655
223 381
161 59
510 642
664 891
729 631
611 341
209 639
468 553
876 671
86 323
832 988
805 440
154 430
783 40
15 686
186 617
804 263
324 88
316 658
128 854
993 146
897 491
515 743
353 835
216 146
106 512
799 45
419 776
974 499
408 60
434 935
647 99
760 943
695 744
336 766
306 738
598 55
624 297
456 77
624 108
324 629
166 1
724 742
717 574
775 166
586 367
626 240
199 37
534 335
711 386
62 490
24 160
680 703
141 400
515 135
250 333
897 270
574 847
537 393
319 276
41 916
737 153
371 62
620 145
496 733
384 502
533 951
619 494
504 774
899 912
725 752
54 54
136 565
727 22
88 773
340 229
45 527
987 529
891 538
382 879
461 528
102 39
556 712
87 568
278 590
844 35
54 824
150 235
509 35
131 105
662 766
36 714
745 982
483 966
301 416
52 807
425 828
974 693
686 50
38 729
164 844
521 121
163 941
250 998
751 990
871 721
74 616
810 226
349 30
794 95
163 76
375 929
261 327
441 600
762 427
659 481
569 78
576 503
539 251
606 192
490 141
216 779
407 565
637 658
811 419
131 552
644 969
771 721
350 242
640 22
819 371
356 562
677 862
36 69
309 187
726 240
338 609
369 593
24 701
171 80
835 855
854 447
137 271
197 802
215 136
249 839
58 94
713 278
19 363
300 766
472 522
63 166
856 433
706 714
877 479
626 639
806 158
836 415
282 401
277 342
159 860
983 147
992 319
983 569
186 467
735 5
229 274
570 380
70 839
408 875
808 520
982 312
523 747
461 921
837 141
494 445
151 69
256 802
911 964
681 416
380 856
708 462
669 512
819 492
501 730
894 674
519 291
356 806
194 552
237 996
337 38
997 504
657 631
372 638
471 516
356 584
626 460
346 324
845 65
520 262
568 198
323 649
47 837
959 29
88 948
540 631
587 883
855 359
90 851
370 788
254 476
597 391
497 263
595 730
519 448
518 899
559 448
465 391
552 228
165 282
672 836
252 654
631 94
153 252
989 797
390 541
73 782
86 676
824 970
562 479
423 75
203 325
174 273
183 331
672 193
644 330
370 908
48 706
216 813
474 505
798 74
485 684
380 947
11 128
700 246
186 967
843 57
812 701
25 985
177 931
745 364
283 51
463 948
116 317
173 43
290 555
622 879
579 241
291 262
579 127
865 997
583 691
633 371
551 624
963 712
124 546
751 92
454 159
943 337
4 343
525 5
637 617
34 74
252 125
364 702
776 87
665 303
563 8
824 983
498 567
596 284
384 215
990 680
783 950
143 414
585 135
848 76
861 944
281 373
484 621
621 601
463 226
723 1
863 143
274 658
561 85
464 918
498 172
982 917
284 649
69 522
698 286
621 206
652 309
724 506
612 789
771 401
739 24
169 710
81 382
769 780
309 709
821 240
105 662
603 238
750 269
147 702
525 204
498 284
15 548
333 749
808 671
929 192
952 169
404 175
330 928
82 159
441 78
909 406
767 557
434 703
971 653
448 905
530 542
749 471
615 422
993 422
842 964
902 913
664 69
994 678
659 107
502 946
752 694
877 754
912 842
596 688
666 821
958 873
109 927
843 890
285 912
408 607
32 775
28 621
530 596
772 302
283 601
330 246
880 657
296 477
845 924
380 502
939 560
833 848
960 949
297 904
205 848
97 99
306 841
760 3
627 624
755 866
911 524
638 915
410 230
630 884
156 194
966 100
252 347
531 965
682 898
414 345
92 625
549 597
9 223
953 868
809 801
829 744
825 400
280 183
551 549
311 175
48 305
386 470
412 812
984 455
206 609
957 333
454 407
298 813
877 746
155 881
711 208
564 78
717 354
889 837
648 233
260 302
967 196
175 699
880 454
156 52
219 233
716 753
896 983
659 306
533 701
880 749
178 251
8 383
931 300
590 934
342 221
736 281
531 829
163 247
596 871
17 181
568 101
25 693
165 813
921 333
158 943
802 914
353 322
322 181
953 710
183 399
19 650
900 517
79 387
757 981
598 64
715 743
174 588
72 133
785 694
666 851
615 112
612 270
414 783
74 175
390 267
35 306
915 481
655 667
327 123
961 133
672 761
989 422
378 210
603 678
634 565
194 223
947 307
32 128
387 774
920 655
458 467
691 967
328 590
565 345
482 696
686 998
136 948
417 469
948 132
636 127
335 800
922 298
734 337
796 361
662 81
627 299
133 907
37 357
949 838
440 269
525 913
406 544
908 555
337 924
810 126
236 353
755 940
889 142
707 244
52 330
236 436
318 115
199 13
820 608
903 765
35 319
561 858
339 882
622 269
234 34
32 432
364 975
361 494
181 902
267 545
745 152
605 669
664 219
537 322
647 560
210 628
314 177
396 42
633 302
89 524
534 889
628 618
122 148
90 67
290 430
577 555
718 923
138 857
905 598
951 426
737 125
290 46
792 370
996 749
824 906
195 545
578 168
421 472
449 559
353 364
362 801
615 510
174 708
681 754
431 614
276 458
64 458
890 423
751 116
978 850
874 700
472 133
1000 558
801 76
128 622
786 973
305 662
208 823
676 944
409 562
786 533
878 822
241 820
882 345
553 900
227 332
356 656
947 213
859 660
306 503
651 640
423 128
441 527
735 651
63 482
299 35
477 330
936 359
258 601
756 214
207 983
905 239
599 825
576 611
901 755
390 841
328 888
689 471
164 432
176 421
270 644
284 544
30 122
898 42
243 310
678 290
383 991
426 154
973 85
927 954
834 74
954 887
213 952
263 844
723 591
394 614
968 619
738 625
608 889
590 720
290 496
35 891
166 380
386 31
179 909
353 875
246 17
973 680
946 405
22 496
534 992
497 342
235 622
0 602
670 245
577 121
914 171
303 383
72 753
