20 1000
1000 162
1000 626
997 906
995 965
955 980
833 999
616 1000
24 992
15 976
4 944
3 901
0 621
12 161
18 64
105 13
156 7
396 1
929 3
982 23
997 48
1000 162
1000 626
997 906
995 965
955 980
833 999
616 1000
24 992
15 976
4 944
3 901
0 621
12 161
18 64
105 13
156 7
396 1
929 3
982 23
997 48
776 857
274 897
251 82
684 321
941 533
991 376
134 797
282 63
221 348
435 529
211 332
878 519
326 660
246 632
397 869
595 900
278 652
634 753
212 7
431 378
279 260
794 208
322 159
467 362
678 218
600 728
315 219
258 167
581 68
522 213
605 950
669 823
558 596
996 233
92 39
183 789
949 883
136 759
174 894
343 128
214 303
0 663
463 246
987 415
386 708
417 404
952 169
184 650
648 939
822 216
483 221
588 148
701 524
847 840
205 64
864 213
594 20
217 933
453 518
135 175
276 432
73 380
583 551
76 683
8 296
164 873
830 342
27 878
350 743
48 529
907 38
879 760
189 688
530 328
861 826
204 631
377 963
332 245
398 443
603 515
33 679
846 95
813 60
62 579
340 959
843 715
582 632
972 682
367 669
757 70
899 790
277 887
895 970
58 756
38 162
981 929
953 553
416 725
573 528
657 494
479 879
478 973
577 791
751 534
534 852
576 535
99 958
346 798
848 651
171 134
959 105
38 402
850 25
364 724
633 79
363 667
71 661
389 859
336 235
960 262
161 54
900 100
232 940
952 35
576 388
560 970
105 16
707 201
415 668
564 869
256 628
488 915
671 334
66 785
117 439
973 612
467 561
474 501
623 27
450 719
152 861
158 530
594 703
604 47
352 400
448 6
524 285
993 811
736 312
626 417
76 112
977 575
670 801
762 68
910 935
133 228
566 623
698 349
661 386
141 915
868 478
753 854
552 42
585 355
280 557
214 363
534 279
143 542
721 60
641 514
718 338
788 158
78 288
998 113
251 330
560 606
181 737
230 605
510 309
579 666
349 887
808 987
501 845
324 664
223 188
993 285
712 173
890 294
677 136
857 155
931 808
338 170
310 165
14 209
131 947
989 751
660 83
510 15
988 877
926 500
577 435
255 724
96 714
768 422
184 16
216 119
114 963
979 411
353 843
124 315
883 373
266 229
592 951
662 998
765 539
839 778
539 651
798 234
263 681
578 189
404 760
16 299
5 908
660 902
329 109
668 979
888 177
670 178
580 396
208 36
639 111
111 424
148 507
243 678
325 32
565 394
472 336
891 234
905 439
235 670
474 348
622 95
705 475
66 666
134 376
976 128
43 446
869 480
306 350
498 136
811 862
878 903
804 976
267 376
692 409
327 544
726 607
316 341
430 845
71 124
673 938
721 429
212 988
20 526
217 201
57 909
990 969
70 590
140 756
196 879
930 514
647 313
892 781
753 238
659 747
565 575
803 904
333 128
513 969
727 303
401 652
760 894
248 12
329 330
593 706
717 649
691 853
416 211
782 902
928 50
141 264
434 301
659 12
189 873
907 575
578 175
982 841
184 65
768 947
669 352
157 447
928 605
949 116
501 112
962 977
168 476
142 319
206 406
246 770
819 321
827 942
986 859
83 267
695 824
746 176
589 743
127 677
844 570
605 221
822 694
457 603
573 473
234 121
956 146
195 754
933 753
594 720
830 484
980 242
875 772
394 156
472 975
717 730
901 975
127 941
829 784
811 914
963 817
696 468
977 230
26 92
370 576
40 836
956 115
207 775
104 822
251 761
290 760
870 430
25 881
880 610
221 599
95 296
974 125
412 551
219 958
506 538
8 644
26 257
153 782
603 686
695 368
516 589
572 734
52 95
400 790
996 360
767 718
310 343
102 301
399 376
199 790
505 582
568 976
285 833
570 555
177 955
621 982
645 70
864 0
845 224
468 891
430 912
410 989
535 40
845 459
949 463
136 130
645 471
58 180
292 840
685 207
308 373
678 193
363 57
908 333
215 158
411 277
65 660
205 107
146 324
761 692
811 402
951 639
926 90
703 155
156 371
417 538
132 146
147 207
242 446
876 168
785 10
345 345
986 198
75 915
453 751
103 801
836 141
730 964
129 894
771 441
293 374
487 335
737 561
278 742
501 739
565 800
588 859
57 765
160 260
695 552
920 730
278 999
695 451
835 237
875 899
288 855
339 234
429 217
134 242
468 449
491 269
542 419
948 703
698 430
667 565
497 984
249 1000
146 849
898 757
711 632
286 646
522 816
626 314
179 910
918 780
735 274
651 692
455 865
959 521
102 104
810 176
654 563
454 840
34 194
283 533
738 860
867 91
478 334
549 993
169 778
64 293
113 851
806 795
170 1
123 710
645 741
885 330
211 844
869 182
380 776
711 749
781 909
512 236
643 846
329 721
630 998
589 184
379 826
374 258
896 294
38 559
761 834
979 569
148 111
196 435
139 359
888 113
808 843
255 468
59 517
9 153
863 707
239 754
807 507
975 507
404 790
296 849
476 155
58 696
279 941
688 857
459 3
86 71
746 517
301 765
365 330
131 154
629 274
602 460
788 12
860 364
391 20
514 544
140 712
946 206
730 234
196 764
431 619
712 387
151 819
174 283
280 996
232 370
981 788
585 996
333 258
425 784
771 905
201 460
143 464
240 627
58 403
768 746
216 422
683 49
13 188
954 643
879 771
574 976
823 871
148 327
291 176
572 312
321 801
93 884
489 872
88 399
856 878
562 958
648 262
856 905
755 839
908 418
677 544
663 53
427 193
416 517
376 448
354 454
205 664
244 668
67 793
892 130
397 692
826 35
164 485
440 522
769 479
560 866
540 984
404 730
813 606
368 895
120 546
433 25
152 522
583 882
421 680
20 963
367 332
247 341
114 245
296 15
638 7
415 35
521 541
254 687
663 742
931 94
299 900
212 695
904 263
362 237
54 232
129 189
115 164
560 123
203 865
843 504
207 90
977 788
971 104
427 282
802 817
707 979
901 159
586 979
588 29
196 936
893 856
896 465
660 78
970 498
260 753
798 271
938 360
161 174
15 898
619 401
241 605
16 408
650 485
318 668
988 139
909 188
834 407
665 766
696 421
574 140
897 212
962 296
422 171
412 16
822 974
252 911
152 910
738 313
563 563
103 306
206 889
844 180
175 8
925 518
489 187
848 790
145 898
213 894
655 905
356 252
373 41
836 701
497 810
832 273
484 727
628 747
268 248
167 130
608 929
849 818
896 641
930 598
952 612
461 101
429 621
671 110
836 24
782 774
495 101
800 366
334 295
502 794
457 986
576 25
109 208
236 651
817 891
945 799
570 622
19 908
880 340
590 422
17 480
289 944
902 855
462 226
110 648
269 5
231 945
982 2
815 199
400 562
985 462
537 781
691 44
245 630
477 264
742 677
513 525
980 635
475 127
273 678
40 649
981 49
946 937
525 310
905 910
328 66
606 559
540 403
631 421
803 708
868 414
443 977
890 900
103 845
704 573
541 61
868 492
617 969
565 177
583 712
484 142
235 429
555 894
274 863
54 177
718 377
368 849
293 725
28 933
46 820
489 377
858 416
401 333
615 393
27 664
897 672
276 328
141 258
837 709
501 200
405 220
419 429
28 826
231 822
270 711
717 348
188 65
952 150
353 515
607 930
135 478
231 251
523 320
943 843
508 994
947 239
674 287
456 521
444 650
698 270
973 791
815 963
338 41
790 511
926 878
869 350
536 741
755 353
935 14
200 868
355 133
29 978
355 740
464 672
25 41
940 191
436 431
805 65
947 278
382 623
3 118
331 36
413 616
857 506
346 287
937 655
844 208
759 392
276 134
256 814
866 884
625 31
98 588
992 522
583 716
193 929
767 331
512 627
215 25
490 969
634 194
237 185
195 959
96 357
306 46
99 177
757 10
542 143
970 365
440 713
10 599
169 81
45 247
948 258
770 606
925 925
21 155
450 964
352 423
458 691
627 394
143 246
622 183
779 530
730 977
821 843
632 105
64 29
798 531
274 463
897 948
486 231
339 125
515 508
213 472
447 346
983 350
780 658
782 952
973 824
808 627
667 56
757 965
731 255
167 211
695 36
375 642
327 310
933 189
539 438
934 412
687 22
415 452
378 425
362 684
948 845
66 182
888 158
829 553
462 282
28 729
387 615
255 176
519 706
366 648
6 656
925 900
187 802
879 752
850 204
197 740
589 217
465 649
343 1
273 223
165 421
478 329
163 260
776 487
837 348
578 491
635 940
818 572
916 182
90 461
788 908
522 854
901 966
264 495
953 58
511 721
340 75
952 770
997 273
374 710
718 839
487 692
178 801
359 639
104 521
431 775
383 321
188 776
285 727
237 423
358 859
529 362
462 590
682 498
126 846
533 516
462 284
257 927
740 925
199 58
19 936
708 842
159 137
617 167
662 485
955 739
224 622
785 419
542 78
191 182
420 984
327 632
35 883
787 192
533 618
27 817
358 168
124 629
98 558
4 791
384 997
196 712
289 431
306 507
912 340
333 529
995 802
777 804
507 201
155 505
999 934
744 127
586 633
995 146
20 487
105 160
577 702
119 29
900 566
390 340
420 706
904 926
325 658
775 653
691 411
260 362
351 400
920 105
655 756
974 615
27 683
880 3
