20 1000
1000 514
1000 723
998 879
987 971
922 984
723 992
191 1000
13 986
6 962
0 621
0 541
1 73
13 20
304 2
547 1
737 7
954 27
976 90
986 139
996 223
1000 514
1000 723
998 879
987 971
922 984
723 992
191 1000
13 986
6 962
0 621
0 541
1 73
13 20
304 2
547 1
737 7
954 27
976 90
986 139
996 223
529 752
468 776
419 688
845 878
753 514
158 526
409 581
252 864
216 792
108 343
83 675
230 709
365 405
399 274
462 216
958 864
947 605
862 199
755 322
446 150
736 110
901 484
938 83
210 5
601 577
241 777
710 967
43 311
585 843
267 266
114 127
681 772
238 8
53 477
254 982
716 287
940 596
161 96
522 695
766 535
359 68
185 426
497 883
773 843
263 993
891 60
524 634
863 496
652 682
361 809
769 403
168 170
265 554
474 343
59 202
704 581
404 936
705 964
960 802
690 544
279 567
291 545
542 833
463 904
164 291
194 465
864 17
157 549
135 965
971 770
820 209
2 820
311 590
231 768
142 167
944 847
169 66
558 587
6 934
868 177
224 936
607 849
119 211
993 391
282 831
803 205
179 321
318 791
260 897
831 876
594 590
37 181
846 938
644 845
704 777
205 114
304 574
823 979
524 989
734 845
811 460
746 681
801 280
612 694
634 309
373 362
797 521
646 796
796 886
975 195
346 15
109 403
861 254
55 821
856 294
259 712
626 180
256 928
461 13
535 566
212 640
582 791
211 869
169 69
227 575
320 277
884 629
215 240
514 64
504 750
313 172
868 943
957 756
553 485
633 970
846 136
347 688
996 752
152 346
653 830
322 688
310 383
863 552
915 623
878 464
741 440
463 284
212 345
950 385
184 289
95 260
273 179
214 744
721 988
933 911
702 976
782 956
795 612
827 407
471 253
269 806
651 315
60 476
539 57
520 37
294 421
3 982
123 80
935 283
884 120
97 464
108 729
301 293
841 354
263 633
965 20
33 637
83 230
693 497
862 665
899 764
104 605
289 673
632 448
81 728
930 93
577 624
982 129
150 50
385 86
345 333
530 556
794 965
544 793
83 418
268 19
388 326
320 742
619 564
722 755
770 553
540 97
398 423
965 544
526 489
926 178
69 959
339 167
397 656
419 17
558 260
260 186
560 933
647 104
30 706
888 508
741 427
757 775
170 189
182 66
901 906
406 462
124 371
730 790
832 340
919 277
185 963
536 53
561 463
40 830
466 731
485 962
23 114
157 150
899 987
259 632
300 247
271 42
258 581
799 624
588 711
930 260
791 966
344 833
300 127
35 860
37 220
612 243
123 277
756 657
414 729
897 414
697 687
19 595
691 583
596 657
759 920
890 796
118 834
454 822
657 515
478 932
116 498
723 461
780 90
282 422
641 109
921 549
267 828
735 379
102 433
245 303
82 807
421 578
769 823
334 363
676 221
283 247
238 69
316 606
332 661
907 360
607 615
424 281
410 427
511 600
360 903
825 80
597 691
575 186
277 289
730 366
593 366
494 699
545 456
508 547
705 434
514 71
270 778
868 622
658 966
480 975
344 613
300 386
740 659
724 998
532 578
542 585
755 392
679 894
483 725
635 979
322 682
945 216
302 248
703 513
410 893
345 787
116 344
952 895
715 88
725 143
267 623
711 420
806 701
78 865
465 447
442 514
664 518
216 316
617 128
736 163
916 879
517 429
748 232
179 87
318 71
386 161
63 635
388 416
857 793
246 481
731 57
176 882
117 820
537 267
612 176
350 424
206 125
26 624
672 188
68 971
607 956
638 82
641 948
75 930
262 838
188 603
914 567
345 276
763 175
776 510
675 443
656 135
333 517
523 929
57 357
486 418
544 271
704 451
488 246
292 106
686 378
762 631
510 504
450 518
440 532
211 133
825 45
788 995
917 909
357 678
982 692
348 334
148 285
506 562
359 72
927 887
251 603
953 189
625 288
258 594
208 691
912 603
522 306
494 582
37 522
413 710
757 482
158 738
462 226
616 314
236 321
514 172
967 45
679 460
543 1000
832 56
999 389
516 901
689 231
220 948
295 848
230 662
652 465
394 871
801 810
289 571
684 526
745 928
581 38
239 549
19 846
438 891
569 169
792 123
783 979
743 731
304 258
762 174
756 216
823 189
178 848
940 563
910 505
650 887
426 752
991 621
88 431
3 735
165 398
632 392
369 475
384 860
597 888
225 172
935 663
338 234
854 449
741 389
290 951
13 823
479 913
642 106
962 282
602 515
318 566
690 367
119 576
919 519
370 356
330 831
721 822
195 864
835 381
200 398
399 715
987 284
178 352
175 245
220 819
194 416
39 617
949 597
970 48
311 534
653 790
817 488
556 817
130 894
844 646
499 987
10 649
891 342
50 532
267 805
820 685
585 611
863 463
573 659
316 267
249 846
236 288
936 894
460 23
174 957
10 667
180 66
70 6
253 332
556 736
472 484
946 49
93 958
532 748
158 268
8 657
702 158
762 284
969 722
289 10
24 542
426 434
852 319
430 408
971 907
496 723
834 164
489 465
637 21
277 508
792 636
402 725
564 510
531 530
444 817
769 342
724 878
313 364
183 156
404 208
536 37
587 333
617 38
159 334
175 272
727 780
301 535
633 546
432 327
927 291
933 948
545 452
859 41
939 873
59 997
795 688
422 158
87 990
283 334
491 457
145 883
510 316
459 212
733 603
153 640
93 981
564 174
409 525
967 947
572 744
711 580
64 372
778 79
941 258
339 301
892 529
628 894
796 497
367 516
777 702
655 871
654 497
31 151
726 349
754 476
333 214
730 422
569 601
783 667
995 581
478 690
452 469
641 820
505 924
552 915
666 574
914 241
394 808
858 151
441 819
665 572
672 966
106 799
398 63
288 91
748 379
798 593
17 80
676 725
564 265
319 192
988 759
34 793
310 610
492 277
724 944
919 497
84 479
332 49
218 403
718 617
503 43
815 880
363 233
21 873
891 966
103 528
950 217
13 560
497 208
594 595
72 618
871 974
689 181
31 753
143 471
679 665
503 492
317 481
242 659
225 663
887 869
260 576
878 346
174 79
65 314
31 912
732 483
52 298
644 436
936 417
617 428
253 189
153 814
732 40
926 570
184 776
321 568
48 486
350 263
836 427
739 958
956 393
56 28
161 276
450 669
678 337
654 16
152 588
648 753
436 4
228 738
289 529
375 63
747 873
74 2
706 532
219 677
715 533
18 265
440 649
783 883
662 294
267 547
797 931
733 841
298 69
464 331
836 884
688 626
947 535
384 399
826 286
892 433
766 527
901 336
282 34
487 700
494 609
649 872
427 236
571 359
688 653
493 23
239 73
571 160
140 281
281 981
917 686
768 372
297 239
217 92
397 999
302 751
243 425
367 920
346 499
641 138
220 734
843 623
106 918
88 973
79 50
199 342
801 835
631 152
280 351
45 779
640 410
950 761
211 838
654 373
43 35
383 7
673 733
340 755
383 339
238 83
642 452
576 875
445 948
874 671
957 978
794 479
737 389
452 963
582 30
985 872
440 984
810 627
839 844
48 575
751 312
627 286
842 700
802 242
409 505
765 660
991 908
848 508
265 561
773 645
356 131
181 983
960 581
458 396
920 947
765 17
507 52
514 778
615 40
948 213
684 631
152 323
634 23
252 295
151 198
291 407
523 364
408 416
30 122
61 574
989 530
279 389
712 921
581 903
527 455
744 461
714 367
128 540
801 843
380 613
600 129
819 469
548 153
107 49
98 453
397 765
623 903
634 673
858 543
933 767
241 956
496 431
606 563
763 362
910 922
282 68
502 57
517 296
959 930
25 781
603 43
1 518
724 525
357 734
291 805
874 176
86 132
475 752
859 345
860 548
902 456
568 500
53 163
709 186
579 18
259 86
489 110
370 403
553 706
623 598
661 767
943 879
704 201
373 736
949 709
510 873
221 788
472 944
150 201
460 176
876 621
749 973
725 129
765 795
476 940
298 862
39 152
195 188
731 208
82 853
350 724
303 695
240 585
143 84
307 172
183 193
510 417
241 456
287 69
122 425
444 709
692 384
784 415
28 881
130 262
241 688
459 260
800 180
410 922
58 931
144 533
684 74
14 349
704 572
449 438
79 133
960 534
902 642
659 184
660 819
110 469
175 219
607 229
770 604
527 26
603 834
928 286
362 288
466 953
655 334
489 861
164 289
350 577
143 701
70 563
243 748
122 173
233 88
251 336
430 369
320 295
836 642
212 934
722 216
550 438
670 185
880 155
989 373
130 953
607 776
14 751
129 846
584 970
416 153
680 510
313 334
202 73
312 495
768 209
173 953
35 665
61 294
524 952
181 886
530 25
38 196
725 86
57 527
344 339
440 926
965 812
459 73
955 952
441 158
420 454
327 631
396 813
379 33
481 646
828 207
978 717
983 321
893 273
208 58
569 822
313 127
258 49
688 535
692 54
527 888
263 857
771 944
859 488
378 38
28 840
241 926
553 707
340 718
433 50
997 217
919 304
400 135
820 268
123 35
706 130
121 357
361 301
326 656
334 780
192 16
462 389
122 208
915 43
409 786
551 802
598 483
895 608
709 247
890 251
861 0
527 640
81 266
270 321
773 953
843 236
291 432
132 464
