18 1000
1000 619
1000 835
992 939
988 984
831 999
500 999
446 999
347 999
3 996
0 923
0 918
0 700
4 23
74 5
372 0
569 0
992 3
999 88
1000 619
1000 835
992 939
988 984
831 999
500 999
446 999
347 999
3 996
0 923
0 918
0 700
4 23
74 5
372 0
569 0
992 3
999 88
971 323
816 624
912 785
970 83
344 809
420 28
54 429
124 976
806 859
471 12
921 957
321 835
739 259
429 761
354 161
860 51
342 48
769 68
879 400
631 894
169 164
965 179
462 890
910 28
405 88
47 708
228 327
248 793
733 963
295 52
784 75
485 0
390 73
501 678
511 193
499 766
150 552
953 569
966 283
236 595
34 500
88 703
51 863
30 372
276 53
319 113
54 447
126 252
303 603
193 444
447 760
733 560
735 149
337 447
121 115
662 780
379 661
456 533
692 601
915 612
420 460
739 667
998 280
291 517
747 543
98 69
722 836
635 731
371 509
15 362
734 973
33 673
822 176
324 452
247 579
161 860
55 141
924 935
565 539
229 589
49 890
206 507
838 773
41 723
856 270
584 272
284 154
832 126
531 435
545 299
218 102
724 145
747 420
95 559
141 715
294 292
334 110
960 802
18 437
211 126
21 844
223 877
785 836
221 349
634 960
338 317
495 977
282 972
187 721
825 483
531 157
749 678
602 365
223 621
34 950
668 862
621 159
97 783
861 15
295 188
553 302
789 767
578 237
415 480
578 608
722 154
895 103
897 213
399 506
375 875
860 902
387 447
836 218
707 190
352 233
621 268
341 310
453 963
551 101
205 330
375 405
286 139
934 402
73 720
322 628
133 675
764 231
827 304
294 199
398 251
224 348
469 654
854 777
482 408
924 234
449 241
425 210
467 210
814 657
81 46
287 271
800 397
420 808
201 790
521 455
707 674
15 862
822 512
229 256
619 908
76 388
441 306
177 683
114 39
674 168
176 566
66 404
794 532
912 907
746 333
345 470
135 465
495 416
143 214
300 696
237 629
428 925
743 545
166 726
75 295
327 826
607 288
98 363
354 931
449 845
971 818
737 904
196 352
726 240
838 275
816 503
757 725
773 34
692 195
564 91
12 56
978 897
412 172
247 800
741 42
813 200
934 506
479 177
478 337
616 482
193 294
619 107
704 421
549 931
891 188
780 360
533 14
347 193
141 862
826 886
728 191
329 177
894 627
35 749
139 734
27 942
722 825
153 232
848 177
941 275
568 675
954 724
905 342
938 676
901 70
593 38
519 370
950 84
728 504
554 826
664 529
953 222
944 291
932 447
582 606
653 465
474 439
660 207
981 964
912 361
171 29
29 820
565 141
487 643
131 688
771 384
880 831
573 332
613 475
703 344
468 251
915 812
679 269
33 902
3 20
545 745
668 339
173 105
426 655
414 910
171 664
974 155
188 287
500 685
390 938
237 503
505 27
622 263
282 212
293 193
689 727
911 141
76 747
673 644
361 239
170 754
651 625
564 95
192 34
863 821
926 374
65 568
652 780
724 325
340 433
749 889
186 171
839 320
674 733
653 946
44 675
356 663
563 984
98 764
355 992
644 28
39 691
646 667
54 594
161 205
738 37
207 945
519 523
601 933
843 810
597 983
590 395
192 719
392 275
474 676
368 93
579 473
785 32
102 313
383 408
386 218
694 158
739 80
368 292
421 300
526 440
86 139
709 227
753 98
377 42
524 666
47 161
623 396
526 284
468 80
874 9
304 341
259 315
780 888
657 635
820 255
734 132
466 327
810 461
953 586
88 827
99 381
411 399
824 446
729 890
308 53
847 977
557 301
690 512
683 579
60 191
595 143
904 303
24 60
635 259
342 690
519 362
847 438
818 249
517 510
199 912
909 446
540 680
144 990
407 321
357 456
144 602
821 620
740 879
95 533
314 505
772 27
672 919
641 835
774 710
51 307
897 202
992 316
688 445
85 695
313 558
500 914
314 187
215 179
438 313
841 743
579 886
336 789
437 307
968 992
952 432
692 741
379 926
336 197
531 214
694 185
302 41
694 675
529 589
234 303
528 194
880 318
899 697
725 666
770 53
675 695
328 64
768 771
192 539
228 955
274 494
857 643
663 750
248 58
959 875
6 459
88 224
299 459
504 498
371 703
325 66
557 509
764 207
156 422
918 504
344 940
196 945
661 880
725 340
117 800
192 63
325 75
549 520
556 801
92 719
896 717
174 317
178 596
714 239
747 477
617 393
191 99
65 131
762 573
137 879
384 946
57 416
587 183
800 420
941 778
200 207
130 775
259 538
150 683
46 672
438 65
34 955
100 875
751 314
357 593
9 180
258 221
671 29
682 95
328 156
634 369
495 192
831 414
123 713
625 228
729 0
818 134
785 1
58 197
902 419
15 773
916 571
677 252
102 614
159 100
861 141
556 709
301 173
662 954
8 206
751 486
411 650
982 253
18 280
445 54
243 718
447 68
649 916
997 707
383 175
332 394
152 348
242 317
911 391
729 708
942 278
381 878
902 113
803 662
850 437
9 97
718 311
706 67
236 342
235 758
233 300
387 501
593 219
360 619
971 261
682 798
68 73
137 221
277 423
193 330
206 667
600 674
958 274
798 478
119 176
36 718
46 462
787 274
984 369
137 63
831 602
574 398
229 88
111 248
516 71
998 965
836 402
45 626
442 282
461 95
681 225
712 91
95 571
112 92
709 644
390 691
718 2
742 348
884 734
914 810
229 987
863 522
996 402
766 555
684 952
995 38
150 132
390 621
567 470
606 53
192 577
322 281
129 971
393 973
276 140
75 12
651 970
421 100
620 974
434 958
677 458
671 59
835 457
676 749
103 541
751 24
128 470
904 643
125 370
721 113
404 897
511 182
284 570
641 463
15 533
415 7
368 761
441 996
290 628
886 733
366 115
740 112
313 818
463 2
505 428
308 333
796 778
769 32
125 895
413 696
797 978
742 898
489 676
30 756
470 423
625 883
191 962
614 303
941 350
34 606
679 660
355 791
369 341
849 222
630 788
745 87
111 782
950 435
207 645
913 769
26 411
135 602
130 265
805 386
188 700
589 640
536 161
636 131
59 990
899 572
327 542
468 970
152 739
93 826
527 131
166 999
951 320
949 128
290 375
826 431
135 147
763 7
876 391
465 964
944 398
438 987
747 952
607 789
888 547
243 788
671 737
383 144
501 946
802 556
7 548
308 503
866 142
24 163
514 253
45 748
118 383
929 465
760 328
189 118
203 64
704 70
565 695
941 302
895 425
901 85
401 635
581 839
65 264
81 845
89 349
898 147
916 215
833 774
579 411
240 309
174 65
796 281
580 194
694 109
281 903
504 655
451 386
492 696
573 920
117 564
830 986
413 173
831 958
562 204
631 238
389 402
393 179
921 354
888 175
888 198
986 822
618 539
585 757
770 137
609 228
354 119
573 30
742 726
450 736
961 608
460 188
765 500
989 216
43 818
380 559
924 789
623 675
280 1000
314 47
276 69
19 842
800 107
806 84
129 745
738 946
132 631
403 151
86 737
107 724
983 326
304 325
94 342
182 881
300 29
882 504
351 134
738 381
636 111
317 23
8 420
604 917
349 848
178 666
80 943
437 10
902 871
100 786
954 462
409 969
539 92
643 291
396 117
140 199
162 581
741 340
64 442
428 860
88 984
637 223
466 777
311 576
152 563
183 534
150 254
692 124
794 148
59 581
555 676
648 457
714 517
250 906
629 480
468 30
826 777
847 144
5 224
1 772
761 367
602 554
0 892
394 400
251 114
197 580
192 713
965 433
366 882
549 506
438 81
743 940
547 12
75 513
37 562
163 810
629 200
270 149
384 722
325 927
742 821
107 399
345 492
659 798
20 671
8 783
510 848
864 209
353 932
673 78
121 601
115 417
721 878
344 94
108 354
861 624
73 68
726 669
985 409
281 459
79 572
215 141
106 183
63 108
597 414
687 45
54 343
236 122
297 672
632 891
896 895
517 524
448 356
454 532
792 30
289 270
239 16
563 739
547 892
790 625
440 802
840 194
39 49
545 637
324 230
149 680
454 145
74 933
599 722
644 894
851 590
366 800
372 251
830 668
681 405
527 598
149 93
305 927
239 624
772 317
694 437
306 289
67 945
669 776
226 694
343 601
258 571
346 977
951 694
204 273
758 170
494 247
599 616
280 417
869 318
755 813
870 26
151 479
309 469
947 957
346 121
32 181
119 370
445 389
55 766
298 888
108 524
932 251
734 652
789 729
287 266
966 496
898 551
302 995
385 928
23 103
524 548
302 306
949 953
70 696
419 817
70 675
75 143
520 434
545 871
46 701
866 774
262 986
188 311
934 837
678 130
297 441
342 495
735 490
959 231
845 318
425 88
687 688
327 624
335 516
955 304
525 665
975 801
943 508
504 951
96 608
827 802
358 938
88 637
316 30
485 320
813 131
588 619
904 259
418 674
400 904
398 466
299 928
221 536
250 625
90 514
880 695
678 49
725 892
703 550
767 255
758 456
768 561
913 383
420 674
911 957
496 119
762 870
43 484
589 116
47 19
850 188
8 849
293 42
160 114
683 767
824 135
404 924
63 732
278 467
507 245
793 677
875 759
136 777
845 665
