4 999
0 0
1000 0
1000 1000
0 1000
0 0
1000 0
1000 1000
0 1000
483 55
841 0
116 1000
0 212
1000 809
43 400
439 0
769 1000
0 106
1000 175
419 275
755 0
565 1000
0 531
1000 959
11 736
982 0
254 1000
0 965
1000 975
208 472
164 0
732 1000
0 133
1000 18
780 203
977 0
223 1000
0 772
1000 227
398 600
729 0
699 1000
0 160
1000 378
814 767
303 0
880 1000
0 584
1000 521
165 897
654 0
913 1000
0 811
1000 271
650 143
969 0
722 1000
0 752
1000 690
825 610
129 0
387 1000
0 699
1000 830
423 134
791 0
912 1000
0 560
1000 638
398 66
115 0
836 1000
0 138
1000 847
612 482
625 0
170 1000
0 58
1000 197
69 958
57 0
235 1000
0 104
1000 690
629 812
104 0
754 1000
0 633
1000 70
554 766
712 0
290 1000
0 707
1000 779
219 906
90 0
220 1000
0 882
1000 556
3 731
553 0
7 1000
0 418
1000 56
70 42
317 0
636 1000
0 965
1000 897
485 544
850 0
193 1000
0 387
1000 323
189 39
997 0
634 1000
0 725
1000 132
86 664
657 0
907 1000
0 518
1000 813
164 636
829 0
96 1000
0 496
1000 467
682 636
426 0
827 1000
0 413
1000 280
187 798
320 0
854 1000
0 965
1000 82
485 369
15 0
104 1000
0 32
1000 649
628 966
358 0
621 1000
0 940
1000 257
593 106
114 0
540 1000
0 255
1000 335
64 973
216 0
749 1000
0 504
1000 471
913 808
735 0
645 1000
0 112
1000 93
440 227
583 0
763 1000
0 195
1000 143
561 656
269 0
327 1000
0 806
1000 342
723 661
567 0
253 1000
0 935
1000 263
848 248
294 0
198 1000
0 402
1000 38
662 205
62 0
485 1000
0 869
1000 929
93 12
943 0
473 1000
0 868
1000 635
298 139
567 0
355 1000
0 426
1000 958
434 82
699 0
872 1000
0 755
1000 622
366 303
336 0
106 1000
0 142
1000 764
936 45
293 0
538 1000
0 601
1000 186
107 433
263 0
383 1000
0 337
1000 107
580 495
692 0
149 1000
0 214
1000 694
5 522
701 0
100 1000
0 776
1000 708
754 385
227 0
686 1000
0 780
1000 622
263 152
110 0
130 1000
0 104
1000 603
717 554
780 0
835 1000
0 22
1000 963
823 247
711 0
978 1000
0 919
1000 994
543 227
16 0
801 1000
0 856
1000 226
868 949
322 0
593 1000
0 938
1000 397
686 106
228 0
670 1000
0 250
1000 592
52 179
146 0
417 1000
0 263
1000 512
924 316
917 0
65 1000
0 439
1000 447
356 515
686 0
125 1000
0 784
1000 478
64 631
357 0
358 1000
0 371
1000 235
173 637
508 0
980 1000
0 221
1000 337
755 52
368 0
149 1000
0 62
1000 770
888 668
865 0
402 1000
0 233
1000 894
36 207
477 0
530 1000
0 465
1000 146
301 162
818 0
977 1000
0 962
1000 17
883 515
405 0
348 1000
0 313
1000 459
387 564
203 0
598 1000
0 928
1000 52
201 738
547 0
699 1000
0 728
1000 310
260 693
880 0
314 1000
0 977
1000 660
855 614
589 0
39 1000
0 702
1000 437
388 394
801 0
940 1000
0 963
1000 363
807 524
793 0
128 1000
0 323
1000 668
665 163
482 0
427 1000
0 109
1000 725
726 475
266 0
971 1000
0 403
1000 11
91 256
658 0
531 1000
0 933
1000 379
460 252
553 0
466 1000
0 352
1000 132
956 293
340 0
777 1000
0 389
1000 285
61 215
959 0
491 1000
0 398
1000 559
208 434
761 0
257 1000
0 75
1000 761
897 359
440 0
209 1000
0 871
1000 948
354 125
238 0
999 1000
0 593
1000 824
985 41
460 0
157 1000
0 98
1000 436
776 984
374 0
618 1000
0 466
1000 826
469 809
311 0
963 1000
0 50
1000 930
579 882
518 0
335 1000
0 617
1000 776
243 614
32 0
782 1000
0 352
1000 180
958 491
656 0
56 1000
0 371
1000 543
955 937
56 0
999 1000
0 159
1000 553
194 553
227 0
418 1000
0 42
1000 152
266 561
847 0
729 1000
0 378
1000 585
839 941
781 0
893 1000
0 542
1000 290
926 112
134 0
701 1000
0 150
1000 241
295 168
48 0
297 1000
0 292
1000 248
264 850
790 0
768 1000
0 345
1000 514
931 787
988 0
223 1000
0 285
1000 918
791 774
502 0
22 1000
0 177
1000 247
766 214
892 0
573 1000
0 240
1000 953
167 14
784 0
218 1000
0 224
1000 631
889 617
88 0
328 1000
0 512
1000 42
192 18
243 0
543 1000
0 59
1000 710
789 201
166 0
760 1000
0 443
1000 368
220 98
672 0
745 1000
0 823
1000 169
879 197
581 0
982 1000
0 938
1000 278
341 655
785 0
741 1000
0 189
1000 195
117 629
137 0
710 1000
0 708
1000 844
822 219
46 0
355 1000
0 146
1000 348
118 92
170 0
74 1000
0 805
1000 824
50 252
738 0
730 1000
0 723
1000 464
178 767
725 0
167 1000
0 338
1000 349
785 426
133 0
880 1000
0 12
1000 1
0 513
482 0
35 1000
0 646
1000 875
640 777
261 0
845 1000
0 442
1000 708
611 413
189 0
253 1000
0 736
1000 751
559 276
290 0
494 1000
0 139
1000 561
381 656
40 0
677 1000
0 333
1000 715
348 648
970 0
91 1000
0 819
1000 304
921 832
342 0
829 1000
0 56
1000 23
433 105
666 0
23 1000
0 849
1000 735
527 665
539 0
486 1000
0 274
1000 915
54 976
319 0
157 1000
0 336
1000 323
768 197
444 0
730 1000
0 509
1000 835
841 657
775 0
608 1000
0 958
1000 905
271 912
417 0
745 1000
0 714
1000 850
390 338
608 0
300 1000
0 316
1000 269
658 824
395 0
545 1000
0 777
1000 293
617 570
962 0
995 1000
0 90
1000 343
876 472
80 0
777 1000
0 880
1000 58
467 136
142 0
614 1000
0 769
1000 344
527 308
163 0
528 1000
0 755
1000 873
747 287
179 0
552 1000
0 970
1000 679
210 253
656 0
497 1000
0 666
1000 407
490 846
0 0
53 1000
0 470
1000 780
284 748
895 0
823 1000
0 424
1000 867
226 939
896 0
525 1000
0 623
1000 188
247 789
814 0
148 1000
0 640
1000 186
360 280
103 0
407 1000
0 502
1000 82
699 184
538 0
893 1000
0 337
1000 405
340 425
350 0
702 1000
0 357
1000 617
534 854
364 0
40 1000
0 437
1000 445
92 507
465 0
702 1000
0 606
1000 759
197 101
998 0
25 1000
0 189
1000 40
526 249
146 0
743 1000
0 825
1000 827
59 284
817 0
983 1000
0 443
1000 621
904 489
996 0
145 1000
0 31
1000 980
819 607
331 0
470 1000
0 918
1000 612
574 239
363 0
447 1000
0 961
1000 863
200 283
586 0
911 1000
0 347
1000 499
677 787
568 0
596 1000
0 892
1000 389
537 416
922 0
433 1000
0 421
1000 404
132 387
552 0
328 1000
0 343
1000 470
269 690
509 0
369 1000
0 830
1000 238
667 143
677 0
27 1000
0 832
1000 691
145 801
501 0
733 1000
0 857
1000 909
74 156
467 0
339 1000
0 559
1000 699
208 159
290 0
393 1000
0 344
1000 155
209 691
890 0
173 1000
0 627
1000 752
65 344
292 0
327 1000
0 871
1000 152
39 567
782 0
623 1000
0 521
1000 187
702 550
59 0
697 1000
0 177
1000 87
353 898
749 0
857 1000
0 687
1000 643
583 325
686 0
694 1000
0 517
1000 960
680 80
360 0
488 1000
0 232
1000 563
984 500
31 0
936 1000
0 395
1000 292
166 4
617 0
252 1000
0 688
1000 431
354 951
305 0
971 1000
0 836
1000 413
111 489
258 0
580 1000
0 472
1000 243
168 223
336 0
507 1000
0 762
1000 69
102 189
615 0
178 1000
0 892
1000 560
38 344
450 0
445 1000
0 638
1000 600
82 619
14 0
603 1000
0 86
1000 719
983 675
276 0
957 1000
0 121
1000 130
855 572
651 0
849 1000
0 69
1000 888
408 277
71 0
96 1000
0 16
1000 0
607 343
865 0
791 1000
0 564
1000 190
348 675
701 0
206 1000
0 729
1000 922
325 89
162 0
172 1000
0 100
1000 361
256 787
206 0
858 1000
0 542
1000 42
960 233
629 0
104 1000
0 608
1000 877
323 101
549 0
739 1000
0 972
1000 748
351 114
253 0
93 1000
0 33
1000 242
839 890
571 0
803 1000
0 764
1000 723
192 969
714 0
663 1000
0 519
1000 55
699 10
61 0
159 1000
0 250
1000 734
148 359
255 0
836 1000
0 127
1000 326
48 456
178 0
987 1000
0 821
1000 738
444 426
487 0
990 1000
0 296
1000 218
773 677
405 0
82 1000
0 953
1000 231
441 213
959 0
376 1000
0 447
1000 349
136 813
56 0
461 1000
0 494
1000 341
770 699
260 0
268 1000
0 840
1000 670
321 675
545 0
258 1000
0 10
1000 339
802 87
163 0
779 1000
0 467
1000 523
323 55
975 0
169 1000
0 400
1000 215
324 334
981 0
855 1000
0 250
1000 757
587 674
524 0
850 1000
0 549
1000 373
949 82
138 0
479 1000
0 862
1000 599
294 841
80 0
902 1000
0 510
1000 302
960 378
210 0
257 1000
0 666
1000 298
608 167
816 0
128 1000
0 42
1000 257
193 580
378 0
533 1000
0 149
1000 364
56 359
61 0
973 1000
0 888
1000 242
333 366
999 0
30 1000
0 727
1000 649
620 542
507 0
250 1000
0 301
1000 775
507 250
293 0
109 1000
0 380
1000 811
