18 1000
999 220
998 298
984 981
979 995
788 1000
119 999
69 997
0 923
0 802
0 630
0 521
0 111
6 21
41 5
385 0
834 0
986 1
991 46
999 220
998 298
984 981
979 995
788 1000
119 999
69 997
0 923
0 802
0 630
0 521
0 111
6 21
41 5
385 0
834 0
986 1
991 46
147 414
791 333
495 898
503 777
860 97
366 909
430 582
300 189
244 490
296 511
862 355
611 519
496 386
656 362
988 998
404 832
63 47
99 62
865 881
43 393
49 735
375 160
339 565
455 809
93 777
719 523
355 406
343 260
913 671
322 174
134 403
440 589
30 519
1 33
168 423
404 481
888 484
739 564
44 904
18 931
140 924
335 202
994 800
316 461
98 966
26 535
712 640
56 993
516 446
140 495
107 82
266 617
680 976
195 880
814 111
45 308
410 859
642 44
950 624
106 813
191 42
612 153
866 242
795 939
969 640
764 434
726 327
860 90
711 241
742 601
826 675
601 173
933 87
232 76
543 723
717 471
88 154
296 67
433 120
205 247
32 581
629 175
281 234
299 633
267 468
739 770
221 799
736 978
631 13
307 600
235 241
436 211
381 564
331 319
696 964
253 243
32 629
815 634
191 725
280 286
893 742
398 665
958 884
9 470
23 515
290 641
590 749
517 735
315 608
369 913
780 774
436 745
198 863
200 78
916 624
885 32
761 217
127 364
715 887
979 930
416 540
236 376
660 126
915 953
885 306
335 342
995 347
592 918
998 926
654 262
294 144
147 961
638 128
506 852
104 975
674 681
235 379
774 804
567 420
945 129
150 694
804 63
737 761
901 610
245 597
997 212
0 528
693 301
526 959
725 502
804 499
491 116
967 467
181 765
885 574
837 334
514 999
581 782
89 539
435 482
432 341
681 369
746 566
941 331
963 863
748 731
189 759
67 930
709 459
872 500
162 341
651 97
440 632
552 113
493 941
633 643
551 763
834 649
999 425
13 216
797 649
256 953
667 64
903 1
340 133
14 740
803 788
141 886
192 508
566 383
514 257
180 895
810 375
458 454
985 275
86 279
62 690
986 690
781 790
806 575
376 645
530 221
540 932
344 348
981 841
863 777
858 925
770 940
896 130
141 257
223 747
538 474
781 456
54 89
704 228
342 307
950 414
633 667
107 389
394 241
354 685
419 307
944 848
629 455
806 306
740 271
528 755
210 859
266 522
69 831
529 52
334 870
595 485
601 150
759 842
967 35
794 420
949 762
462 685
794 818
237 258
990 832
236 11
999 261
918 700
15 475
47 604
793 182
459 746
446 184
567 222
459 101
832 922
19 840
971 195
190 404
922 605
11 413
968 620
173 347
132 918
65 947
358 478
233 104
627 488
732 349
392 801
196 36
609 145
927 652
441 338
165 96
278 308
366 186
660 653
710 685
988 755
42 309
317 476
340 479
492 665
327 310
812 387
907 493
173 588
614 656
542 537
498 250
398 189
608 88
985 376
811 970
309 364
251 423
0 503
785 282
314 715
254 133
335 666
435 767
890 802
14 84
909 906
690 42
893 500
55 303
655 375
549 436
161 249
154 432
319 101
596 649
673 300
489 126
639 34
165 833
659 289
331 982
969 36
846 210
707 198
2 690
830 801
440 749
719 45
37 560
580 417
661 631
804 595
96 745
128 879
28 60
336 517
218 158
610 361
413 178
515 583
713 623
367 937
703 873
929 606
52 532
568 556
959 480
842 655
437 478
53 699
574 524
212 757
594 403
542 86
428 303
551 914
137 597
963 438
617 751
79 997
515 163
271 942
967 737
423 813
192 402
538 448
316 768
797 977
171 673
774 707
446 577
818 324
25 748
189 121
905 489
576 437
0 187
715 688
543 98
478 292
711 732
880 827
550 258
779 805
934 213
958 880
915 272
14 204
132 29
385 807
303 65
584 436
756 138
119 436
71 853
697 544
557 829
399 171
532 822
198 25
251 211
730 214
29 247
710 715
598 346
133 294
972 705
173 916
599 591
556 139
542 38
229 981
520 520
328 92
288 631
374 466
249 100
904 544
240 809
835 234
555 163
248 410
706 373
737 93
886 154
567 338
907 747
409 64
648 752
296 307
761 129
352 389
951 53
687 524
379 299
142 290
843 152
165 983
67 479
189 26
578 935
688 38
32 332
111 962
575 286
336 446
340 458
462 145
522 539
650 761
889 821
40 947
398 258
223 513
267 882
382 620
281 820
420 981
345 59
794 923
894 810
925 496
513 573
407 900
274 134
444 233
343 661
719 179
693 735
165 545
469 865
891 180
561 601
237 938
251 981
40 72
458 83
441 703
44 851
482 13
331 735
351 167
895 432
86 285
779 314
533 201
953 345
604 346
689 139
501 945
195 279
297 681
281 902
925 238
902 510
467 191
547 461
834 189
262 60
486 720
899 331
810 799
248 863
814 190
188 974
387 760
830 361
134 190
745 747
900 258
381 714
64 391
970 556
304 828
766 385
293 899
521 805
690 4
56 714
380 900
899 919
620 157
516 929
830 579
956 762
316 210
489 326
720 124
248 16
402 391
902 227
24 208
159 614
995 311
647 58
888 287
101 483
897 651
918 308
364 590
988 99
452 236
917 881
677 922
524 76
475 625
889 579
194 510
890 360
679 203
443 214
187 320
592 541
967 523
481 690
28 184
703 569
100 832
933 146
495 433
545 14
770 687
3 437
595 830
215 889
632 655
632 338
431 640
307 793
251 144
81 62
433 36
872 584
328 385
42 703
27 52
435 747
277 476
110 169
327 60
728 952
207 314
975 438
599 204
239 383
144 704
47 487
564 939
613 530
875 895
618 404
536 655
826 454
226 329
755 431
441 482
903 790
548 658
216 523
707 604
863 401
86 277
659 704
434 498
207 666
748 432
769 396
316 63
132 466
391 867
155 669
529 117
954 209
144 747
575 419
416 236
378 394
817 645
796 547
609 240
619 637
770 968
669 764
306 411
230 158
876 878
213 898
799 487
346 603
946 490
765 405
308 855
415 386
873 92
658 659
567 987
934 530
625 33
301 258
644 381
641 526
870 227
385 574
117 35
873 942
601 627
88 634
435 511
395 511
566 115
753 246
733 432
362 372
998 991
668 715
251 598
677 451
922 867
99 815
596 258
651 564
824 801
202 348
182 755
322 235
932 868
990 3
149 303
785 499
917 373
744 752
45 316
588 666
679 528
493 583
2 66
341 801
808 845
425 12
303 352
269 867
429 808
348 267
753 522
419 884
460 854
477 582
232 115
91 747
765 347
829 137
197 425
333 224
139 715
109 777
564 531
217 385
240 888
195 7
119 815
392 289
432 102
468 97
398 294
569 215
847 126
171 962
9 422
843 650
14 902
537 567
434 899
815 940
797 221
821 790
572 43
146 883
482 628
423 742
247 896
184 261
820 363
55 563
919 835
275 335
916 835
307 752
949 587
652 682
554 449
688 26
189 711
46 700
415 648
80 483
885 482
130 941
589 532
838 455
323 189
310 668
802 628
834 357
787 822
359 429
333 71
779 855
607 508
247 892
585 229
891 118
814 913
557 317
856 672
666 807
456 316
177 854
850 656
995 467
9 868
993 759
715 447
423 787
947 373
874 149
644 441
111 910
640 673
693 213
635 555
681 432
561 86
108 630
765 95
977 331
690 442
371 500
569 443
174 153
841 600
104 67
924 760
652 919
742 782
958 837
702 394
737 668
434 196
281 86
914 248
934 127
261 66
115 931
850 564
293 390
901 639
342 789
60 770
28 278
608 373
879 143
268 23
754 125
104 908
802 343
680 638
5 818
127 874
783 334
883 36
747 592
199 200
901 374
741 137
637 625
854 732
263 165
708 719
241 18
501 287
850 56
515 547
140 521
546 349
985 144
871 673
746 42
731 691
489 955
926 281
413 686
932 844
153 969
666 477
56 709
832 392
593 140
454 772
12 385
599 492
524 312
435 372
873 725
335 271
569 450
573 435
211 864
31 417
897 867
161 827
74 937
635 260
987 236
575 898
958 617
474 347
521 113
307 123
684 383
663 71
680 438
65 437
356 254
686 797
660 370
159 79
480 832
968 773
483 232
447 473
230 133
879 564
526 613
403 127
316 494
154 835
158 964
255 280
386 138
173 973
285 406
716 881
328 459
13 756
76 680
809 897
253 136
730 280
956 18
701 326
406 372
71 355
297 343
490 867
842 867
666 783
886 169
426 190
794 539
428 955
681 241
179 55
237 867
39 345
741 418
565 128
759 879
201 430
875 265
621 767
201 249
933 373
733 529
748 511
514 949
206 593
833 571
280 725
377 15
518 825
905 421
929 154
651 588
661 834
743 294
507 778
110 131
69 210
542 508
227 268
169 962
462 768
595 43
221 760
653 479
424 385
398 37
534 830
751 621
653 418
785 519
4 943
324 790
764 92
730 926
510 964
885 681
625 383
345 989
318 629
81 287
696 857
324 934
242 776
446 29
785 433
689 804
850 590
341 874
59 519
916 761
208 136
1 912
581 631
915 79
688 196
727 372
469 639
921 997
408 529
595 244
710 49
392 972
194 258
743 723
195 366
113 926
214 877
341 742
968 477
716 186
791 605
480 447
776 430
63 853
