16 1000
1000 480
1000 823
999 995
712 1000
535 1000
85 996
28 995
0 923
0 426
3 59
18 22
51 10
83 5
120 2
992 3
999 88
1000 480
1000 823
999 995
712 1000
535 1000
85 996
28 995
0 923
0 426
3 59
18 22
51 10
83 5
120 2
992 3
999 88
440 880
481 982
486 601
579 571
288 496
433 66
911 661
897 126
782 945
913 560
358 290
273 993
611 66
284 512
485 282
614 293
913 515
411 682
293 959
325 814
79 311
281 973
212 663
87 361
360 368
570 40
667 794
970 657
935 478
540 398
465 896
831 210
505 371
1 689
80 113
65 609
429 472
808 990
879 432
568 175
726 98
95 697
668 354
359 250
636 71
101 752
795 333
495 534
847 760
918 306
686 827
68 880
914 451
27 63
570 225
119 153
754 808
879 517
172 61
275 570
69 163
428 89
833 585
179 357
893 531
819 377
512 776
913 479
57 475
411 559
669 949
235 158
212 439
190 467
598 285
67 94
691 894
106 286
75 33
412 802
665 448
356 345
457 495
630 228
781 217
268 790
829 707
757 138
456 535
915 581
697 745
367 419
126 947
501 516
289 313
104 31
217 140
544 965
500 347
582 645
476 893
190 471
659 155
567 542
454 755
974 72
85 816
789 630
40 141
194 279
675 14
525 565
770 159
65 240
554 835
127 735
159 309
104 200
815 759
148 584
337 565
953 410
163 67
609 488
541 428
47 4
971 64
564 787
98 773
366 710
267 459
260 305
536 79
937 699
758 130
484 640
673 678
359 516
444 53
918 506
130 143
177 735
297 508
971 468
399 301
363 559
801 786
453 116
671 154
460 645
972 106
154 336
823 126
499 289
861 952
214 271
83 706
123 635
362 233
711 485
834 108
724 607
785 942
725 161
728 698
546 146
334 600
442 662
914 267
276 155
249 174
275 354
944 904
450 53
390 61
706 473
414 76
603 690
49 84
563 37
62 151
330 770
7 448
10 725
146 569
954 722
141 886
218 104
475 884
391 364
980 997
275 771
182 906
195 993
377 857
804 452
341 971
701 461
702 789
556 958
522 87
972 310
231 298
618 379
406 939
423 809
180 649
249 439
744 716
149 364
750 2
464 690
826 244
446 635
593 261
639 538
522 623
414 612
558 534
38 261
139 267
738 501
624 822
530 169
672 487
352 135
993 185
449 815
505 381
321 313
684 848
771 464
421 663
791 669
569 938
624 504
399 880
450 425
928 939
437 662
156 854
950 536
14 210
135 342
1000 153
552 8
469 799
252 897
887 112
269 956
199 498
605 875
858 347
1000 9
794 297
733 859
321 457
997 217
44 349
771 259
217 306
454 410
468 120
141 671
417 138
591 948
955 118
696 250
949 664
628 305
507 955
356 814
458 343
632 360
874 911
596 675
647 709
76 344
123 982
733 672
321 979
44 253
521 900
644 679
550 709
732 697
938 397
770 368
67 71
624 116
757 580
697 506
168 333
465 774
702 891
924 299
448 197
517 90
773 335
158 568
262 128
867 272
400 479
922 998
626 567
411 61
436 518
50 180
761 594
876 130
550 131
341 724
827 866
954 567
519 857
924 377
822 329
433 111
967 790
651 239
378 34
339 725
462 748
450 453
621 192
159 748
570 984
996 191
158 600
87 648
860 883
647 487
630 134
108 366
695 800
670 560
499 630
980 989
977 502
796 877
394 346
535 952
888 780
46 492
108 967
7 728
868 322
862 983
844 713
77 119
135 634
586 244
4 247
509 372
370 949
991 365
770 628
538 230
528 377
828 215
348 113
503 301
171 144
796 474
474 391
777 700
443 536
160 962
868 737
712 520
950 694
16 606
895 19
946 393
155 750
304 174
969 347
652 182
693 387
855 918
745 676
926 39
937 727
267 315
685 80
801 95
384 772
292 555
12 758
590 154
703 480
829 428
298 949
202 984
417 504
899 152
471 472
728 896
726 915
525 452
602 586
755 315
957 800
918 114
346 682
850 799
149 374
925 587
525 71
993 417
711 461
475 8
881 288
444 28
306 340
571 182
654 298
245 962
429 498
654 214
82 77
51 687
416 233
963 877
462 80
61 798
652 996
517 778
816 789
563 279
611 889
778 115
615 956
142 980
99 480
169 13
747 632
872 959
766 678
143 74
665 60
410 890
954 450
566 130
224 33
34 750
747 102
372 602
318 970
874 908
720 319
268 677
422 970
262 267
585 467
993 538
531 782
118 737
590 939
584 486
506 302
891 796
287 609
513 981
531 736
917 777
15 302
280 117
740 645
893 456
460 821
529 468
541 182
992 316
395 646
548 269
472 538
368 806
64 844
184 588
876 600
791 152
397 899
664 434
489 656
644 441
357 23
506 8
378 869
621 85
654 461
886 970
757 180
176 41
192 662
715 70
804 396
894 206
576 143
748 434
957 649
332 673
522 132
21 355
971 749
392 967
912 15
538 148
37 427
543 910
742 415
562 100
293 664
697 283
886 650
253 101
991 393
314 35
763 422
930 805
464 382
45 594
740 734
681 813
405 759
933 145
567 127
43 224
439 442
998 374
59 505
481 798
491 731
190 721
736 815
404 577
817 922
362 129
356 277
198 522
987 241
693 725
791 563
500 264
635 416
104 113
602 403
454 406
419 601
199 210
83 853
448 907
770 655
852 538
11 990
979 141
190 483
133 735
550 189
967 293
918 121
487 117
67 295
879 989
851 25
702 133
745 664
805 511
850 199
501 210
20 529
439 42
179 275
762 717
7 366
334 444
644 235
787 899
942 51
246 352
126 909
957 306
901 917
986 842
815 677
401 298
232 911
671 301
28 517
413 684
829 376
126 619
668 791
697 8
847 884
783 169
44 305
966 334
254 6
746 470
112 131
433 508
636 816
753 102
36 469
672 481
752 205
176 682
642 545
404 884
912 721
947 292
582 158
556 402
702 672
260 476
368 578
501 123
692 957
397 376
218 776
974 697
101 831
54 114
202 941
337 348
782 858
45 149
974 540
354 314
390 781
258 584
919 362
813 840
319 75
810 21
891 574
332 695
365 86
550 109
600 253
358 102
777 762
198 707
820 729
554 24
638 131
948 498
82 591
789 666
378 624
103 403
711 505
819 162
450 320
910 600
13 761
532 71
836 730
890 389
22 505
40 883
802 89
185 948
119 95
604 587
887 688
579 129
347 458
236 543
125 507
287 247
606 639
415 135
994 690
332 752
256 500
241 523
110 90
553 644
518 32
497 451
968 664
327 586
340 828
657 559
52 534
658 422
943 99
491 538
710 688
430 328
969 986
504 194
300 57
296 233
369 577
416 868
569 612
443 345
778 485
563 750
376 958
768 751
68 964
314 768
316 160
333 12
596 632
432 290
414 712
585 379
745 318
851 985
339 565
10 767
817 331
261 495
395 405
212 892
315 380
328 554
694 611
204 165
359 309
91 235
676 811
313 362
242 224
68 916
852 209
395 527
288 316
864 559
381 421
67 929
185 308
571 256
529 382
777 652
871 471
988 457
222 957
331 550
858 369
447 615
943 754
470 320
188 541
733 307
525 537
14 402
359 579
149 363
39 639
220 649
65 941
464 6
654 445
366 80
576 562
342 529
883 228
526 860
962 494
220 771
810 167
850 8
414 467
298 355
46 647
58 728
928 689
891 174
554 994
189 98
686 314
149 318
829 202
628 453
978 715
665 683
814 972
728 694
228 402
808 627
339 313
823 898
592 940
678 684
134 185
201 766
762 434
892 142
362 484
268 810
507 966
145 808
676 127
158 994
424 217
329 490
418 467
86 35
74 42
348 805
311 318
791 851
900 7
583 132
371 810
472 268
337 723
409 339
342 735
203 337
939 933
107 647
484 790
683 134
93 695
324 789
569 696
495 917
26 781
129 233
111 674
964 606
269 404
865 193
296 180
465 465
168 598
645 627
818 759
585 469
389 666
55 325
56 473
694 760
234 49
168 876
536 123
67 804
243 226
781 648
279 893
893 431
474 846
693 262
780 667
551 292
238 121
519 214
644 530
776 303
739 777
504 992
971 68
414 407
580 90
429 485
951 14
254 286
989 649
505 938
530 397
648 826
630 608
486 527
2 663
222 395
519 442
526 448
860 364
398 162
460 140
908 517
870 153
946 541
663 383
185 151
987 460
298 499
330 906
619 892
288 620
153 637
194 463
286 494
423 657
352 600
933 316
510 122
326 431
285 203
424 798
64 310
236 498
387 685
886 191
496 931
54 425
489 174
865 199
881 577
45 537
305 311
885 194
283 375
222 658
66 681
405 348
426 408
157 296
432 397
719 728
89 619
76 151
648 702
972 596
708 765
478 912
71 925
859 888
308 642
740 156
388 985
692 177
137 716
190 669
436 742
924 721
802 570
257 786
567 654
458 988
10 334
903 852
369 349
369 908
848 969
88 626
448 489
912 509
68 100
267 14
215 857
159 211
25 548
184 444
5 431
655 448
267 280
275 200
322 906
356 277
990 612
925 286
811 89
767 528
954 66
284 197
661 433
395 829
444 124
506 158
997 918
16 376
316 310
579 847
910 739
343 885
34 258
657 922
738 600
595 242
483 297
385 936
65 363
387 154
545 235
920 92
753 214
