22 1000
1000 565
999 953
941 993
867 999
516 1000
201 1000
179 1000
58 999
39 989
19 968
12 949
0 621
1 117
5 64
26 27
56 8
130 0
698 0
835 0
924 2
989 25
997 48
1000 565
999 953
941 993
867 999
516 1000
201 1000
179 1000
58 999
39 989
19 968
12 949
0 621
1 117
5 64
26 27
56 8
130 0
698 0
835 0
924 2
989 25
997 48
832 950
840 960
965 301
454 198
882 706
270 882
580 882
873 598
674 109
198 606
449 703
375 672
608 993
583 232
219 738
22 238
195 862
860 300
909 633
830 450
85 81
82 344
661 339
911 825
503 904
89 973
585 896
583 884
512 721
272 673
834 633
569 712
663 316
62 121
183 505
919 544
879 675
68 372
609 175
862 496
48 350
927 392
748 338
784 154
686 516
23 226
651 919
960 276
992 502
951 808
306 806
191 389
502 764
120 272
60 486
619 464
269 12
536 654
158 51
521 450
760 460
977 555
753 318
914 768
495 307
107 172
294 14
240 973
580 890
960 262
532 30
327 296
86 426
628 350
854 656
404 4
189 776
839 769
48 798
564 14
884 93
145 761
981 739
864 276
750 186
805 502
545 50
513 35
574 738
638 945
999 618
632 171
110 644
55 468
941 774
111 944
366 63
619 981
136 160
567 791
52 938
102 333
423 762
138 514
964 261
650 875
261 3
521 305
787 685
994 229
929 715
464 606
969 599
944 627
681 570
297 253
388 858
111 628
3 695
865 167
45 636
135 802
304 345
630 39
89 283
612 946
449 681
738 416
387 949
908 862
995 294
516 392
309 971
18 619
615 209
440 775
497 57
343 844
757 56
446 642
789 912
530 825
628 184
277 385
564 311
187 744
838 660
382 625
302 553
914 280
498 533
629 431
174 451
839 515
234 555
613 3
423 512
12 522
833 511
595 266
198 144
453 219
649 982
138 371
189 662
327 724
222 853
277 696
636 561
961 248
210 263
770 751
481 742
682 658
56 864
101 670
641 326
785 174
828 19
483 213
66 625
895 796
376 137
344 428
613 17
797 62
785 429
913 355
808 141
990 151
286 153
645 11
771 134
846 15
342 25
74 527
541 291
778 848
85 636
234 455
149 943
532 652
940 320
988 13
89 857
79 886
102 876
50 636
132 528
267 708
313 122
392 334
526 345
810 329
632 314
840 886
12 411
884 184
135 645
706 651
457 434
31 115
587 191
381 525
643 824
715 556
800 585
552 147
782 716
405 889
729 142
781 461
34 642
995 440
444 835
589 275
892 445
684 235
154 985
725 530
538 563
922 468
410 547
19 686
540 776
956 773
967 75
554 937
418 486
285 354
309 182
453 849
379 12
492 352
362 224
725 42
654 785
821 635
19 628
138 576
697 263
195 381
871 992
162 391
151 804
253 536
412 715
483 371
625 29
218 536
265 736
749 14
914 45
212 834
732 123
788 323
11 72
688 831
446 174
466 411
167 870
895 180
711 583
750 131
579 653
84 233
982 705
650 763
297 230
654 360
357 331
420 572
455 335
452 562
910 160
403 111
374 274
430 593
725 305
264 383
869 133
665 859
250 800
904 412
30 744
1000 491
575 782
412 381
203 466
489 607
813 595
436 950
627 655
468 734
381 153
158 450
601 739
41 991
695 415
918 195
300 907
666 295
48 273
731 954
732 409
632 730
296 357
125 249
700 863
138 404
264 409
900 901
334 646
990 823
741 415
260 454
952 30
874 291
441 145
92 845
724 985
898 714
144 588
242 323
753 818
771 559
600 950
201 474
36 796
455 989
963 37
704 676
994 323
388 525
814 339
819 910
243 93
151 424
781 767
106 497
427 480
207 228
584 656
438 97
882 827
877 557
714 600
690 934
907 688
276 543
692 273
126 851
523 537
156 442
284 50
598 765
285 561
226 940
999 891
188 343
227 897
141 887
103 247
54 943
403 543
353 794
393 591
965 350
131 517
804 138
975 505
147 780
280 746
310 420
784 243
179 157
250 856
594 66
793 362
110 321
833 386
517 323
658 620
803 202
105 805
623 720
942 872
226 602
909 510
227 610
477 796
93 687
911 452
404 650
245 548
198 872
860 80
339 45
988 102
900 237
96 801
176 992
689 552
302 228
522 815
874 462
26 504
19 486
424 262
7 439
403 798
417 658
263 469
469 315
488 906
17 958
336 970
201 148
746 434
962 838
828 544
642 561
268 50
107 915
378 99
965 107
149 618
895 603
222 87
818 952
484 657
539 597
362 636
535 160
569 906
127 471
342 938
415 22
619 412
942 754
836 979
169 957
223 595
337 107
678 800
983 989
876 783
451 6
599 707
786 164
361 866
56 784
103 114
869 433
111 777
600 118
721 156
515 26
892 526
906 36
215 954
602 884
510 534
990 42
219 487
716 144
819 493
918 73
422 267
287 734
927 753
984 224
993 227
419 981
496 209
411 366
73 291
103 400
856 436
764 898
20 601
51 371
84 213
173 35
993 622
651 129
36 669
799 630
713 367
381 252
130 471
801 249
593 52
195 263
279 361
48 674
48 171
142 702
347 688
231 66
609 731
496 341
318 237
468 20
445 708
923 253
792 311
21 546
684 566
240 965
915 628
465 694
539 340
278 491
704 871
443 432
163 479
926 619
14 798
478 678
815 715
215 379
300 98
412 50
410 449
151 266
432 297
874 629
404 608
812 261
527 138
901 370
63 317
408 327
845 598
830 591
390 292
87 759
41 94
213 941
988 678
601 271
163 827
811 381
734 452
187 370
287 92
167 879
573 73
863 251
983 792
316 209
964 144
918 368
311 512
957 248
73 381
630 744
46 625
191 786
911 763
295 175
510 105
434 298
457 541
231 382
703 758
689 688
222 720
223 468
271 155
257 299
215 671
161 214
643 219
563 598
663 851
160 15
565 701
642 374
194 641
607 397
331 66
995 323
59 999
105 125
397 382
659 615
646 16
805 163
628 805
963 687
299 403
235 358
438 89
462 295
453 994
363 759
707 690
137 819
105 253
233 441
241 985
977 569
808 771
869 578
268 963
219 944
123 436
320 522
375 665
835 14
485 533
454 876
487 167
447 314
659 977
958 622
480 752
430 791
878 585
121 970
702 202
29 822
474 141
329 815
949 403
642 929
834 400
213 960
250 643
893 669
456 174
822 0
145 387
178 214
437 926
34 803
132 319
732 361
504 1000
772 469
184 759
340 925
295 546
859 42
217 439
462 816
99 861
144 28
267 973
290 912
625 89
739 273
185 443
341 816
330 348
805 454
23 511
368 575
30 491
158 803
343 402
433 992
566 627
945 427
831 953
737 623
540 453
989 396
257 949
542 410
904 193
812 218
403 841
239 976
2 739
756 502
773 32
650 261
222 741
927 138
832 665
987 681
140 629
373 680
297 570
717 955
344 560
285 209
556 796
180 650
15 948
109 926
562 739
558 679
935 35
841 470
414 629
1000 909
652 305
919 161
860 648
250 117
388 566
953 367
522 920
468 270
716 971
386 510
119 781
877 800
452 599
88 465
477 546
626 487
78 293
222 660
952 68
228 392
317 352
27 470
459 218
420 298
741 783
672 785
135 132
61 599
828 688
262 786
788 680
487 681
804 786
427 972
917 913
879 133
952 652
676 613
21 814
305 551
574 16
852 511
180 247
565 5
235 829
647 477
943 54
139 122
260 101
826 962
792 400
355 668
476 31
459 61
548 686
31 448
378 326
593 32
44 467
323 583
554 447
358 196
655 172
19 912
838 10
651 48
817 998
480 353
701 9
367 637
854 742
809 770
396 892
55 943
664 60
123 179
241 565
954 317
208 691
575 489
595 30
466 401
834 982
346 202
87 983
947 623
607 666
269 893
531 180
871 124
763 331
996 439
417 838
254 880
643 676
378 358
240 742
694 226
434 503
968 178
246 11
554 282
125 255
700 905
603 666
248 468
388 303
629 389
228 493
862 828
559 787
545 863
152 710
274 680
431 654
77 248
203 948
418 138
256 189
355 62
730 679
311 318
602 101
836 706
67 17
967 7
190 585
170 75
694 617
500 797
505 365
731 991
630 795
347 473
970 459
993 918
414 467
201 878
264 810
417 350
854 788
305 103
658 484
783 699
198 632
728 525
868 249
672 217
103 165
634 271
351 63
710 618
332 731
417 569
140 714
657 633
38 929
270 707
857 166
808 746
961 348
267 360
898 580
259 800
434 808
606 379
80 92
418 782
209 978
12 301
348 407
847 120
735 476
627 455
672 656
105 962
590 450
76 731
974 892
778 117
702 407
24 732
647 504
269 929
384 935
234 969
430 574
854 2
387 662
712 689
75 95
459 488
828 63
762 37
463 977
59 398
413 46
56 172
375 313
678 284
948 182
788 379
80 178
349 364
968 442
586 8
150 521
321 281
103 77
878 307
469 582
426 370
704 298
265 79
288 572
148 510
850 14
524 57
943 457
655 339
750 160
891 885
583 759
950 522
824 4
842 981
899 98
519 143
843 111
360 572
563 186
791 82
921 250
988 185
635 312
306 947
538 968
965 894
934 837
529 916
649 325
488 117
845 354
606 748
772 556
841 308
909 784
628 304
686 171
145 406
389 365
360 255
729 796
668 558
198 411
681 679
326 164
18 196
