100 999
0 0
1000 500
998 501
996 502
994 503
992 504
990 505
988 506
986 507
984 508
982 509
980 510
978 511
976 512
974 513
972 514
970 515
968 516
966 517
964 518
962 519
960 520
958 521
956 522
954 523
952 524
950 525
948 526
946 527
944 528
942 529
940 530
938 531
936 532
934 533
932 534
930 535
928 536
926 537
924 538
922 539
920 540
918 541
916 542
914 543
912 544
910 545
908 546
906 547
904 548
902 549
900 550
898 551
896 552
894 553
892 554
890 555
888 556
886 557
884 558
882 559
880 560
878 561
876 562
874 563
872 564
870 565
868 566
866 567
864 568
862 569
860 570
858 571
856 572
854 573
852 574
850 575
848 576
846 577
844 578
842 579
840 580
838 581
836 582
834 583
832 584
830 585
828 586
826 587
824 588
822 589
820 590
818 591
816 592
814 593
812 594
810 595
808 596
806 597
0 1000
0 0
1000 500
0 1000
434 240
0 586
712 356
979 605
0 577
490 245
393 769
0 922
490 245
348 840
0 449
460 230
906 83
0 687
760 380
270 780
0 436
746 373
569 28
0 257
764 382
82 807
0 728
156 78
2 512
0 701
428 214
221 50
0 982
376 188
783 19
0 109
988 494
381 865
0 13
538 269
321 349
0 457
760 380
459 717
0 447
46 23
241 90
0 349
786 393
263 374
0 687
560 280
473 104
0 904
378 189
150 740
0 323
700 350
280 947
0 585
836 418
974 100
0 737
908 454
722 20
0 158
188 94
918 413
0 100
822 411
799 798
0 651
20 10
720 174
0 414
22 11
747 766
0 461
960 480
605 525
0 805
100 50
257 590
0 218
90 45
419 547
0 635
576 288
696 877
0 461
878 439
391 211
0 863
900 450
484 561
0 178
4 2
868 836
0 460
748 374
530 593
0 799
282 141
122 686
0 381
286 143
201 86
0 302
466 233
42 774
0 87
320 160
124 911
0 127
426 213
384 450
0 851
338 169
386 847
0 953
110 55
543 497
0 88
304 152
474 858
0 338
986 493
872 33
0 860
778 389
436 409
0 65
122 61
839 985
0 542
754 377
507 563
0 990
452 226
148 257
0 686
402 201
684 255
0 339
36 18
185 408
0 614
374 187
460 962
0 289
886 443
717 786
0 438
122 61
223 389
0 657
338 169
92 879
0 687
398 199
492 169
0 589
720 360
878 627
0 104
836 418
263 241
0 804
556 278
485 236
0 181
828 414
383 361
0 769
958 479
911 568
0 817
778 389
151 157
0 711
94 47
173 263
0 219
300 150
746 365
0 676
734 367
332 201
0 863
206 103
360 424
0 240
464 232
624 308
0 187
112 56
632 121
0 62
474 237
959 496
0 891
260 130
253 508
0 614
24 12
991 590
0 559
502 251
816 96
0 360
204 102
755 147
0 534
540 270
387 54
0 756
954 477
688 879
0 980
116 58
301 273
0 724
332 166
254 245
0 797
246 123
689 858
0 81
688 344
899 476
0 662
86 43
567 49
0 173
164 82
150 692
0 871
742 371
978 348
0 942
354 177
538 965
0 462
16 8
836 487
0 12
148 74
221 778
0 261
410 205
431 128
0 576
446 223
997 748
0 589
560 280
774 865
0 795
444 222
87 649
0 66
394 197
219 993
0 502
38 19
825 415
0 362
28 14
761 685
0 769
964 482
609 609
0 726
164 82
72 248
0 699
988 494
615 450
0 194
484 242
638 361
0 618
852 426
932 632
0 411
442 221
134 902
0 567
940 470
727 312
0 495
286 143
897 207
0 617
586 293
200 286
0 240
174 87
444 302
0 582
168 84
157 424
0 490
34 17
942 661
0 650
462 231
623 272
0 52
198 99
637 775
0 759
836 418
504 129
0 772
664 332
641 634
0 445
772 386
622 277
0 843
854 427
719 31
0 645
978 489
950 862
0 485
350 175
846 485
0 62
818 409
739 706
0 572
804 402
535 291
0 244
946 473
277 916
0 521
580 290
723 911
0 188
212 106
152 414
0 753
880 440
566 113
0 699
58 29
860 730
0 323
28 14
397 906
0 776
346 173
619 445
0 593
460 230
655 116
0 494
360 180
138 731
0 704
970 485
763 80
0 38
10 5
388 940
0 756
272 136
563 957
0 255
900 450
208 449
0 697
924 462
719 744
0 46
280 140
854 499
0 984
844 422
761 97
0 371
990 495
734 55
0 928
8 4
116 156
0 111
400 200
607 258
0 50
394 197
949 413
0 946
344 172
161 490
0 211
802 401
196 833
0 856
408 204
788 357
0 156
954 477
529 470
0 21
890 445
670 150
0 738
634 317
971 159
0 571
684 342
89 747
0 470
878 439
951 665
0 716
288 144
975 764
0 477
630 315
300 933
0 352
602 301
179 319
0 79
268 134
176 467
0 803
262 131
999 570
0 744
172 86
435 36
0 604
464 232
579 682
0 835
460 230
285 647
0 147
140 70
556 413
0 135
850 425
81 907
0 385
708 354
659 607
0 505
318 159
943 398
0 301
796 398
749 340
0 525
242 121
931 703
0 63
702 351
928 75
0 201
978 489
206 995
0 474
500 250
79 724
0 823
976 488
824 684
0 271
18 9
730 421
0 559
678 339
319 803
0 627
838 419
214 132
0 17
452 226
512 726
0 17
264 132
389 86
0 258
462 231
753 544
0 251
944 472
157 944
0 249
264 132
875 11
0 133
68 34
677 256
0 30
756 378
221 18
0 161
230 115
293 689
0 516
688 344
429 491
0 235
406 203
300 327
0 324
618 309
796 451
0 115
238 119
271 472
0 83
714 357
497 334
0 270
494 247
51 589
0 653
798 399
648 654
0 195
280 140
885 447
0 412
724 362
953 596
0 157
598 299
368 231
0 248
704 352
881 988
0 486
142 71
710 603
0 563
424 212
426 276
0 17
132 66
265 222
0 995
440 220
669 588
0 934
836 418
104 575
0 494
162 81
653 363
0 557
476 238
550 858
0 225
716 358
764 735
0 566
270 135
103 972
0 333
264 132
927 133
0 626
680 340
839 83
0 15
618 309
659 476
0 925
970 485
562 405
0 224
404 202
95 373
0 724
354 177
844 715
0 113
390 195
461 447
0 78
60 30
135 48
0 281
368 184
31 559
0 803
752 376
193 310
0 268
432 216
421 353
0 852
98 49
42 766
0 246
366 183
612 157
0 857
646 323
997 443
0 436
446 223
205 660
0 359
632 316
613 954
0 824
966 483
468 760
0 335
822 411
871 931
0 234
852 426
537 401
0 465
490 245
107 723
0 140
14 7
731 612
0 1
738 369
918 27
0 493
64 32
57 674
0 512
456 228
601 526
0 529
14 7
532 294
0 577
290 145
249 203
0 433
788 394
653 670
0 774
392 196
297 139
0 561
298 149
736 480
0 202
334 167
537 293
0 988
126 63
97 734
0 765
450 225
965 849
0 215
686 343
891 749
0 711
284 142
754 574
0 420
822 411
884 775
0 488
396 198
362 907
0 335
338 169
175 493
0 981
436 218
316 613
0 229
376 188
12 22
0 205
784 392
699 702
0 266
828 414
65 971
0 311
884 442
99 204
0 919
238 119
863 151
0 527
850 425
577 845
0 408
76 38
878 165
0 331
402 201
965 186
0 875
360 180
14 11
0 960
298 149
349 799
0 232
856 428
54 303
0 871
964 482
430 764
0 305
292 146
578 108
0 407
962 481
573 950
0 187
96 48
72 457
0 263
378 189
126 72
0 160
454 227
467 593
0 629
852 426
324 858
0 251
898 449
349 642
0 665
516 258
632 639
0 96
160 80
806 448
0 974
256 128
227 265
0 413
926 463
191 972
0 967
470 235
848 151
0 14
372 186
711 76
0 931
428 214
148 848
0 142
492 246
865 463
0 983
514 257
504 615
0 422
784 392
557 518
0 551
304 152
912 1
0 192
656 328
752 347
0 341
744 372
460 502
0 884
314 157
748 383
0 950
454 227
674 279
0 454
760 380
749 993
0 385
954 477
553 652
0 760
334 167
457 596
0 687
604 302
214 289
0 401
452 226
606 656
0 880
954 477
727 253
0 56
280 140
652 150
0 56
64 32
641 544
0 445
246 123
602 623
0 562
290 145
890 951
0 527
52 26
707 418
0 368
438 219
453 391
0 752
180 90
245 478
0 113
376 188
519 440
0 640
956 478
163 392
0 954
164 82
18 805
0 550
478 239
190 23
0 782
82 41
231 283
0 262
804 402
786 496
0 168
742 371
159 650
0 55
708 354
892 195
0 142
282 141
616 302
0 231
798 399
806 611
0 758
60 30
643 320
0 430
82 41
651 484
0 910
200 100
983 477
0 387
14 7
828 227
0 882
968 484
216 932
0 627
590 295
7 960
0 701
706 353
632 188
0 572
208 104
737 755
0 67
34 17
455 913
0 736
90 45
963 857
0 910
994 497
908 870
0 632
256 128
17 392
0 117
350 175
266 604
0 506
252 126
440 105
0 419
368 184
820 142
0 463
306 153
792 914
0 505
378 189
626 516
0 521
914 457
992 130
0 961
336 168
82 698
0 435
922 461
457 286
0 336
512 256
496 697
0 185
912 456
997 319
0 424
402 201
704 965
0 328
908 454
167 626
0 165
698 349
390 964
0 144
596 298
39 564
0 177
942 471
514 71
0 638
226 113
752 440
0 532
390 195
813 571
0 606
802 401
287 877
0 303
994 497
701 349
0 703
540 270
16 334
0 826
634 317
352 798
0 82
648 324
351 685
0 729
22 11
923 420
0 725
566 283
588 522
0 851
594 297
357 626
0 795
490 245
610 894
0 80
884 442
188 447
0 981
660 330
648 715
0 298
652 326
809 810
0 922
164 82
4 190
0 747
342 171
854 928
0 232
844 422
481 658
0 643
244 122
572 325
0 103
608 304
483 669
0 979
44 22
318 891
0 848
256 128
442 639
0 351
640 320
761 405
0 261
474 237
