16 1000
998 297
998 397
998 589
996 954
995 961
952 992
946 996
51 1000
0 923
0 164
1 71
12 15
113 2
570 0
992 3
996 198
998 297
998 397
998 589
996 954
995 961
952 992
946 996
51 1000
0 923
0 164
1 71
12 15
113 2
570 0
992 3
996 198
126 205
131 699
431 702
66 119
691 701
587 518
921 95
381 549
856 619
835 635
907 746
98 59
821 9
105 279
813 685
282 823
846 354
548 933
109 253
417 133
323 351
745 24
806 360
184 706
478 951
416 943
714 456
285 468
1000 309
55 162
253 341
352 781
851 232
377 720
573 664
384 624
379 194
286 515
46 403
293 873
884 761
250 513
630 242
863 790
800 947
460 536
834 290
248 529
606 721
596 449
287 467
241 422
996 774
370 331
279 893
534 668
543 428
108 363
462 900
12 281
65 77
499 849
924 740
883 206
386 743
206 459
436 861
194 283
651 301
842 321
39 315
764 308
409 275
218 293
920 676
708 387
458 205
976 853
259 89
698 562
919 998
698 866
681 660
860 949
576 411
535 243
985 291
210 221
445 579
390 1
205 76
772 958
725 419
193 721
960 450
564 684
864 147
626 513
907 863
662 690
794 817
643 77
743 320
568 876
945 883
881 745
0 776
176 611
301 5
464 366
426 881
306 216
888 383
622 943
576 562
843 79
107 129
13 331
729 654
960 608
21 329
78 45
692 751
567 661
856 299
493 320
482 385
21 805
836 951
141 334
909 765
447 857
86 787
385 275
955 200
266 600
219 284
348 656
651 674
657 876
592 223
928 123
339 29
669 727
593 962
497 971
822 747
657 283
532 457
551 143
662 403
742 363
146 768
335 612
152 117
380 982
478 729
200 861
113 793
743 137
806 942
413 986
517 242
814 635
362 792
368 462
854 671
928 409
507 226
995 453
166 132
196 756
980 43
666 32
166 524
51 219
410 168
762 722
218 104
536 445
635 860
967 374
934 855
530 359
325 159
640 324
68 153
45 228
645 219
193 112
302 453
76 432
44 852
566 82
118 13
98 89
345 1
412 38
694 291
631 575
611 630
409 1000
260 694
80 942
454 646
310 834
722 213
740 903
26 223
340 658
22 295
91 627
624 191
806 106
838 458
214 512
280 740
126 895
557 552
118 329
603 850
96 267
295 121
656 625
203 829
261 605
146 804
326 100
906 183
290 878
341 581
221 348
525 615
430 199
694 941
829 272
716 90
718 395
607 87
326 1000
973 245
164 240
264 381
14 716
414 266
479 494
718 716
3 160
403 48
291 664
217 409
694 454
955 512
712 733
311 873
173 505
901 328
432 191
955 311
749 959
966 510
884 426
307 419
905 11
30 839
121 297
159 958
318 593
12 703
200 909
529 873
505 172
566 582
443 427
10 706
744 32
917 38
720 768
479 335
376 339
685 399
741 332
171 289
450 264
26 584
883 138
523 329
772 418
378 410
965 596
408 510
909 8
310 745
510 236
769 131
205 550
816 471
630 915
51 83
368 751
138 594
397 502
758 913
576 299
443 619
262 527
545 314
66 362
825 278
277 694
975 303
192 282
614 715
387 926
228 437
546 147
857 627
713 588
991 900
338 967
793 480
85 795
743 661
724 512
388 235
400 997
612 221
26 995
30 955
359 351
412 639
583 287
635 363
230 43
271 457
470 992
332 414
401 199
374 291
329 795
977 158
936 747
631 605
524 456
811 790
155 531
875 374
674 155
899 900
175 543
14 886
856 100
314 325
139 989
845 114
226 173
874 300
557 173
22 992
242 270
169 402
969 348
5 31
387 739
995 531
868 149
785 991
692 663
38 130
638 630
326 361
215 103
753 700
143 472
97 817
7 100
122 273
470 780
166 500
994 868
664 153
87 126
400 926
857 770
594 470
40 855
489 975
642 598
511 5
568 653
489 617
711 146
277 999
220 372
853 425
736 852
358 408
545 122
735 477
704 168
353 870
372 888
766 841
826 765
524 124
622 799
720 753
604 759
307 133
617 744
428 901
589 651
297 229
431 127
648 204
919 664
758 322
673 820
453 783
763 866
214 359
8 517
946 948
261 835
920 405
349 599
433 745
271 546
167 578
622 811
82 43
747 832
943 521
587 317
284 618
296 141
649 324
196 757
569 28
44 768
921 684
800 399
676 111
75 626
421 647
411 466
796 950
869 71
309 537
994 714
436 689
286 782
143 917
8 992
492 291
520 343
728 212
48 147
565 962
354 31
456 162
436 788
230 203
873 507
778 620
131 519
476 983
196 684
628 682
313 258
94 689
995 351
502 899
451 355
67 164
0 870
790 8
279 5
455 532
643 296
496 257
971 777
314 55
452 389
112 246
369 415
163 208
205 804
377 862
806 98
30 523
640 141
487 813
451 96
286 497
299 655
344 924
847 396
250 158
912 40
157 534
22 454
919 581
675 950
378 780
992 75
565 412
60 597
64 991
197 599
817 663
497 458
399 765
817 582
511 618
607 509
801 977
37 359
650 660
865 350
814 371
757 563
973 515
966 274
983 420
848 556
825 390
536 88
439 470
736 761
864 651
421 68
382 172
932 423
471 386
399 789
980 574
387 301
988 600
785 495
486 888
956 846
616 365
603 49
278 976
39 595
217 398
762 833
895 34
432 685
230 782
531 167
559 827
490 16
248 531
642 130
929 165
987 478
863 578
67 199
734 95
143 607
829 332
267 505
518 108
367 898
221 525
709 224
66 975
243 845
364 974
915 799
458 540
732 493
413 116
484 630
430 266
973 696
925 225
306 769
196 244
666 612
357 657
972 501
644 387
5 799
341 783
649 450
758 675
300 854
932 833
516 699
800 833
915 638
930 526
23 987
121 344
837 80
844 91
186 370
626 898
186 244
646 372
582 129
524 731
610 814
133 229
606 986
776 619
705 582
438 392
956 155
698 742
617 380
184 188
192 258
337 163
416 573
595 135
267 587
150 738
637 300
679 202
204 442
209 111
480 356
543 701
625 812
116 980
61 449
500 859
613 396
804 8
97 638
281 742
399 5
459 221
113 763
747 60
919 722
110 188
20 456
968 192
4 253
674 704
588 497
620 647
43 876
443 933
577 419
511 583
51 175
854 232
440 937
641 233
663 807
255 179
764 913
702 824
137 976
538 801
1 832
128 140
706 885
424 772
216 843
14 362
739 711
407 440
167 717
595 517
309 366
998 327
366 581
782 918
304 946
63 484
437 644
153 351
705 92
557 650
295 132
269 878
849 791
333 443
435 774
35 811
426 784
977 720
164 852
719 368
774 52
123 556
397 638
816 925
546 701
105 629
871 642
290 797
395 163
398 557
154 464
567 45
425 968
945 915
938 521
221 123
24 957
84 852
790 540
948 163
756 274
25 931
777 914
687 752
283 63
407 196
286 627
909 515
404 922
561 763
225 4
1 695
720 571
971 882
238 950
10 544
253 78
743 782
196 806
768 242
371 469
772 950
96 441
487 279
644 938
853 353
276 841
632 237
643 786
620 262
492 532
989 887
962 38
760 864
423 976
991 566
902 962
211 961
692 555
845 183
840 62
577 152
772 806
233 787
19 287
500 589
737 739
560 941
48 107
217 496
627 134
196 155
487 157
563 806
664 43
727 695
155 842
945 135
522 142
904 348
777 795
33 606
957 487
476 131
236 911
199 211
568 50
623 334
483 560
952 889
704 146
218 992
438 888
348 798
359 124
208 78
848 471
565 380
640 567
345 659
277 848
254 681
680 422
585 466
672 955
709 253
429 228
85 696
55 563
832 172
910 29
948 445
242 686
380 176
466 407
456 255
339 24
845 73
721 752
498 997
653 968
987 129
556 447
694 73
45 470
3 452
536 53
953 396
47 659
279 133
745 237
318 702
310 917
3 204
716 721
600 359
682 729
668 844
860 541
72 47
276 78
220 476
845 429
139 33
232 162
418 632
947 852
60 684
15 8
669 693
42 993
666 300
491 51
135 189
990 991
309 736
336 168
366 740
910 866
962 407
744 977
456 994
591 449
823 79
67 194
330 220
441 130
759 541
736 540
625 100
410 100
245 49
738 291
806 80
155 141
1 648
809 76
100 361
80 653
919 703
310 64
965 785
424 446
569 469
321 279
950 598
794 993
391 15
427 343
500 344
350 189
702 909
912 315
154 489
383 438
71 122
627 790
130 749
529 9
154 699
380 454
13 717
717 200
441 16
559 343
228 205
141 280
963 973
353 844
56 579
522 176
6 197
147 766
695 59
192 404
960 320
866 226
366 43
719 537
273 714
398 415
79 554
502 872
911 592
545 95
2 295
127 635
312 648
553 117
498 488
810 274
648 186
917 913
52 360
290 527
103 605
135 514
362 756
530 458
822 283
838 249
408 279
922 200
621 150
554 20
948 197
241 237
323 804
661 721
818 391
766 648
796 812
192 77
836 788
719 419
155 279
298 268
213 13
469 96
478 101
710 128
801 907
222 84
661 125
220 88
76 267
169 978
86 821
973 870
2 565
82 99
887 240
296 901
198 445
668 619
148 191
147 3
629 681
277 661
47 714
784 376
7 279
414 795
533 881
100 35
277 615
802 286
371 60
485 63
250 946
87 165
656 53
417 488
