1000 486
2 90
2 336
3 545
9 584
13 849
14 958
19 605
19 884
23 328
24 2
28 432
30 919
31 611
33 674
37 401
40 338
40 552
40 931
53 21
54 37
54 47
55 65
56 405
64 969
65 675
65 706
66 267
69 419
72 441
73 263
73 390
76 811
77 312
83 54
87 779
88 245
89 488
90 560
90 572
94 153
94 158
106 658
107 458
115 782
116 247
117 31
117 756
118 878
119 759
120 329
125 445
125 710
128 114
128 413
132 317
134 321
137 177
140 59
141 180
143 555
144 284
148 315
150 100
152 342
156 33
156 280
156 449
157 478
162 490
162 838
163 67
164 300
167 907
168 512
173 452
173 645
174 669
175 310
175 426
176 108
177 181
177 430
180 629
180 723
181 264
185 378
185 982
186 473
186 794
188 79
188 493
193 582
195 276
197 223
204 281
210 260
215 946
220 626
224 831
226 574
234 968
236 172
236 339
237 630
239 171
239 620
245 529
249 860
254 805
256 529
257 543
258 345
264 651
265 239
268 13
270 318
270 412
270 682
273 189
276 39
276 46
276 298
283 995
284 572
291 595
301 966
302 407
310 418
311 615
315 843
316 354
320 601
321 253
326 166
333 190
336 602
339 628
341 810
342 79
342 890
344 87
344 699
348 22
351 784
352 601
354 149
355 976
362 636
363 340
364 880
365 735
366 567
366 870
368 998
369 567
369 733
370 714
371 970
372 920
373 179
374 109
377 332
377 708
377 780
381 842
381 940
382 608
382 687
383 53
385 942
387 54
387 171
387 826
387 858
389 600
389 878
390 101
392 921
395 202
395 766
400 900
401 611
403 359
405 52
407 128
417 541
418 336
419 658
420 626
425 563
428 234
429 242
429 292
429 895
432 801
433 567
435 444
436 560
439 645
440 432
441 139
441 933
444 367
447 492
448 228
450 26
450 510
452 188
453 150
453 749
454 632
455 223
461 55
461 745
462 117
462 201
467 29
468 195
471 155
479 360
480 890
482 763
483 348
489 281
492 329
495 195
505 823
506 743
508 189
508 925
509 77
511 370
512 520
518 574
521 952
522 636
532 415
536 592
537 741
541 552
542 68
548 69
548 828
550 9
550 647
551 377
553 733
556 977
557 575
558 201
558 812
559 40
559 163
560 905
561 198
562 153
563 802
564 385
565 621
566 359
568 181
568 674
571 233
571 268
572 544
577 123
577 710
584 17
585 173
587 213
589 752
589 786
592 201
592 666
594 3
596 938
597 472
601 531
603 899
607 522
611 459
616 309
619 497
619 973
620 577
620 604
622 230
627 934
628 858
634 29
635 359
637 287
644 726
646 881
647 46
649 194
649 209
650 242
653 196
655 34
656 349
657 930
659 161
659 697
659 982
661 379
662 587
664 559
668 867
668 934
671 265
672 744
672 967
676 755
677 806
683 236
684 848
685 823
686 436
686 551
687 440
688 897
696 475
696 865
697 186
699 419
704 121
706 246
706 730
711 608
713 77
715 490
717 425
717 447
719 36
720 13
721 65
723 721
727 435
727 689
730 262
733 670
733 912
736 105
739 224
745 358
747 788
747 981
749 771
750 948
751 226
751 891
756 988
757 390
757 425
759 673
762 207
763 228
765 900
765 960
768 371
772 978
773 609
773 950
775 355
775 573
778 642
781 96
781 786
783 515
784 196
785 288
785 448
786 911
788 104
789 904
792 413
793 419
797 946
798 188
800 64
800 205
800 298
800 812
804 764
810 187
811 782
816 167
817 51
817 544
820 393
820 480
821 705
825 853
826 511
830 783
831 38
831 166
831 276
831 567
835 877
838 294
838 974
841 227
841 806
845 547
845 966
847 454
849 509
850 764
852 279
852 739
854 602
854 746
856 716
859 251
860 990
863 236
863 869
865 75
866 120
870 386
888 692
897 271
900 207
904 719
905 521
906 343
906 663
911 757
911 791
912 457
912 463
914 253
916 268
916 668
918 764
919 62
921 260
922 443
924 38
925 672
927 485
929 879
930 231
930 845
935 769
937 140
940 432
942 86
942 874
943 476
944 857
948 233
949 808
950 177
950 348
951 23
952 221
957 270
958 838
960 202
960 388
963 15
965 997
966 658
966 742
967 305
970 370
970 611
973 763
978 224
978 682
978 772
978 796
979 490
983 201
984 29
985 201
985 437
991 762
992 218
992 440
994 394
994 970
995 825
