1000 992
3 173
3 697
5 292
5 575
5 658
6 114
7 427
7 773
7 967
12 280
13 955
14 517
16 376
17 374
18 145
18 590
25 339
27 908
28 518
31 246
31 481
31 953
32 393
33 195
37 920
39 906
40 312
40 573
40 580
40 607
43 930
44 700
47 900
49 484
50 395
50 798
53 298
53 530
53 623
53 782
55 958
57 916
58 439
58 639
58 770
59 905
61 316
61 928
62 224
63 465
68 988
69 28
69 812
70 95
71 415
73 122
74 722
77 510
77 630
77 927
77 950
79 411
79 614
80 298
80 478
81 269
81 316
81 399
82 494
83 766
86 903
88 659
91 32
91 171
92 638
93 31
97 38
98 101
99 513
100 528
101 56
101 713
103 410
103 918
104 72
110 628
112 458
112 470
112 950
113 586
113 831
114 492
114 601
116 280
117 190
118 29
118 386
119 227
120 391
121 525
121 566
121 578
122 232
123 370
125 638
127 21
127 89
130 296
130 402
131 227
131 953
132 704
132 839
133 558
133 885
135 32
135 369
136 308
136 333
136 844
138 273
140 912
140 984
141 205
141 789
142 313
142 662
146 211
147 8
148 425
148 757
149 997
150 584
150 774
150 786
151 88
151 611
152 612
153 918
155 45
155 228
155 427
156 548
156 985
159 629
160 774
160 903
162 715
163 202
163 376
166 519
166 789
167 437
167 983
169 78
169 679
171 232
171 893
173 758
173 815
174 497
174 840
175 377
176 43
178 111
178 454
179 338
179 571
179 670
179 681
180 481
182 538
182 574
182 841
183 391
185 911
188 580
191 257
192 640
193 794
193 956
197 252
197 310
198 757
198 893
200 764
200 842
202 76
203 429
203 824
204 501
206 366
207 82
208 50
209 138
209 789
210 748
211 155
211 457
211 952
214 2
216 42
219 248
219 829
221 664
224 50
224 199
228 845
230 258
232 913
234 162
234 462
234 959
235 328
235 522
235 667
235 712
237 25
238 837
241 322
243 309
244 449
245 578
245 661
246 143
251 511
252 438
253 599
254 607
254 788
255 19
256 478
256 711
257 373
257 573
257 690
257 968
259 92
259 670
260 790
261 427
267 624
268 287
268 376
268 783
269 674
272 138
272 396
272 959
276 387
276 619
277 696
278 341
278 676
279 699
281 68
284 461
286 57
286 221
287 136
287 546
289 504
289 537
289 661
290 300
292 536
293 478
293 606
293 840
294 46
294 77
294 359
294 990
295 421
297 315
298 318
301 416
301 792
301 826
302 12
305 893
306 393
307 516
307 686
308 88
309 868
310 470
311 327
311 943
312 949
315 297
315 457
317 889
321 484
321 684
322 231
322 404
323 28
323 236
324 117
324 346
324 451
324 770
325 485
325 771
328 720
328 900
329 269
330 64
330 913
334 403
336 404
337 93
337 122
338 40
338 764
339 11
339 148
339 535
342 88
342 298
342 857
343 106
343 306
344 88
346 825
347 361
347 789
350 128
350 635
352 74
352 224
354 695
355 382
357 290
357 320
357 567
358 748
360 44
360 890
362 951
363 872
364 7
365 900
367 253
367 546
368 525
369 22
369 725
370 592
370 933
373 908
374 271
375 86
376 308
377 63
377 116
377 995
378 13
379 103
380 833
381 333
381 802
382 418
382 477
383 137
384 720
386 337
386 812
387 227
388 85
388 258
388 324
388 359
390 414
391 786
394 441
396 531
397 40
398 89
398 508
401 635
402 820
402 854
403 187
403 386
403 728
404 486
405 522
405 837
406 429
408 88
410 239
410 481
412 171
413 433
414 475
415 463
417 464
417 522
419 676
420 861
421 666
421 886
421 973
422 948
426 69
427 676
427 693
428 225
428 489
430 406
432 957
439 723
442 83
442 471
443 554
444 582
445 588
446 253
446 909
447 23
448 904
450 115
450 533
450 595
450 618
451 6
451 689
452 535
453 983
458 364
459 628
463 670
469 745
471 264
471 345
473 609
474 317
474 388
475 18
475 836
477 365
479 476
479 498
480 428
481 319
482 524
482 605
483 17
484 765
486 39
486 362
486 793
486 899
489 393
491 948
493 350
494 88
494 218
495 57
495 728
496 188
499 203
499 213
499 737
500 190
500 809
501 342
501 635
501 737
502 290
503 627
504 735
505 857
506 188
506 638
507 916
508 80
508 666
509 812
509 956
511 30
512 802
513 526
514 583
514 917
515 498
516 688
517 895
520 163
520 428
520 766
520 799
521 475
522 236
522 255
523 289
523 650
524 56
524 415
524 458
525 474
529 679
530 631
531 746
533 145
535 82
536 102
536 305
538 319
538 515
540 50
541 809
542 721
543 783
544 664
545 301
545 919
546 414
547 798
552 140
552 407
552 778
554 745
554 752
555 198
556 249
556 495
558 281
559 493
560 509
560 905
562 453
562 538
562 746
563 963
564 584
564 897
565 610
567 74
567 76
568 194
568 397
570 1
571 14
572 453
574 647
576 921
577 188
578 548
580 293
581 288
582 139
584 67
584 684
585 302
585 378
587 47
587 182
587 192
588 976
589 380
590 126
590 551
592 302
592 674
592 748
593 883
594 199
594 417
594 497
595 366
595 546
595 593
596 157
597 291
597 717
598 322
599 137
599 203
599 931
600 778
602 876
604 480
605 140
606 894
607 30
610 20
610 326
610 472
612 28
613 85
614 468
614 947
616 71
616 708
618 636
620 589
625 98
625 953
626 923
628 182
628 571
628 609
629 100
629 793
631 16
631 337
632 352
632 766
632 995
633 409
633 425
634 245
635 594
635 743
636 862
637 269
638 121
638 347
639 537
641 309
641 423
642 572
643 158
643 609
644 237
644 734
646 175
646 397
646 949
649 143
649 520
650 964
651 53
652 593
652 662
652 998
653 591
653 647
653 872
653 997
655 301
655 766
656 325
656 440
656 921
657 396
658 254
658 344
659 984
662 346
664 100
664 587
665 579
665 585
665 932
666 291
666 839
667 246
667 680
668 877
670 687
671 543
672 324
672 480
672 727
673 722
674 184
674 497
674 524
675 399
676 261
676 394
676 750
677 905
678 42
679 84
679 202
679 293
683 306
683 325
685 25
685 817
685 988
686 299
687 343
687 670
687 817
690 764
694 465
695 258
696 470
696 481
697 788
697 994
699 725
700 148
700 396
700 987
702 311
703 933
706 689
708 47
708 640
709 90
710 490
710 837
711 880
712 4
714 518
715 998
717 296
717 387
717 699
718 115
718 896
718 979
719 368
719 550
720 382
722 244
723 78
723 887
724 660
729 194
729 269
730 130
730 525
732 964
737 161
738 495
739 178
739 278
739 550
740 331
740 633
746 4
747 955
749 985
751 918
752 384
752 606
754 376
754 699
755 735
759 751
760 288
761 476
765 73
765 868
766 746
769 265
769 514
771 53
771 142
772 862
773 13
773 276
773 487
774 178
776 497
778 277
778 686
781 202
784 804
785 192
786 764
786 778
788 82
788 492
789 954
790 21
790 872
790 934
791 249
792 658
795 204
795 630
795 780
796 706
797 148
798 400
798 721
800 930
801 81
801 105
802 28
802 802
802 812
806 1
806 18
806 42
806 486
808 607
808 714
810 181
810 654
811 523
813 649
814 56
814 736
814 882
815 614
815 855
815 874
816 144
816 929
817 848
818 396
823 52
823 249
823 604
825 329
826 171
826 601
827 410
828 302
829 278
829 426
830 22
830 202
830 820
832 191
833 223
833 621
834 655
835 104
836 851
836 952
837 673
841 814
841 877
842 176
843 352
844 950
845 56
845 84
845 653
847 332
849 751
850 850
851 428
851 800
852 65
852 212
852 904
853 135
853 181
853 596
853 658
853 778
856 609
857 164
857 284
857 651
858 779
862 408
863 280
864 368
866 564
867 174
867 367
868 390
869 66
869 813
870 421
870 613
872 732
872 806
872 884
873 754
874 217
875 38
875 60
875 215
875 617
875 706
875 716
877 200
879 770
880 782
881 17
883 75
883 235
884 282
884 773
884 871
885 946
887 637
887 793
890 300
894 429
896 926
897 432
898 619
899 188
900 243
900 532
901 996
902 172
902 187
902 572
903 761
904 309
904 874
905 80
907 516
909 868
909 905
909 918
909 986
910 865
911 526
911 920
913 336
914 187
915 49
916 911
917 17
917 294
917 762
918 863
919 270
921 122
921 612
923 405
927 264
928 459
929 540
932 327
932 945
933 570
935 344
935 725
936 822
937 877
938 374
938 388
940 520
941 661
942 178
942 610
947 420
947 799
949 297
950 986
952 275
953 394
956 543
956 678
956 842
957 283
958 398
959 323
959 335
960 319
964 592
964 608
966 693
967 203
967 213
969 495
970 478
971 569
971 844
973 817
974 373
975 647
977 256
979 85
980 46
980 657
981 328
981 908
984 479
984 814
985 249
985 371
988 852
992 160
992 172
994 593
995 376
995 469
995 809
997 785
998 472
998 795
999 404
1000 959
