10000 5172
4 1069
6 2074
7 871
7 2636
11 864
16 4317
18 5899
20 8080
21 4321
27 1978
28 5085
28 6696
29 1120
29 2318
31 8393
32 54
32 1861
33 8615
34 6004
37 2442
43 9650
52 2818
56 1967
57 7068
58 9444
59 2204
66 8256
70 7971
74 5273
81 1488
84 2095
85 4619
88 8752
90 2460
91 1040
91 1740
91 6703
92 1535
94 564
95 2583
95 8342
96 9378
98 345
99 435
106 3714
106 3885
106 9530
110 803
113 3363
117 6215
120 6150
121 4090
123 701
126 7060
127 7751
130 7649
131 7488
132 902
132 4117
133 38
135 1603
135 6254
136 6636
140 4813
140 4814
142 9420
148 1813
148 3260
148 3782
150 4687
152 5728
156 3701
157 4955
159 2345
161 7696
162 7926
165 3352
165 4097
166 9614
168 1291
170 33
170 5316
171 8431
178 3055
178 8283
183 161
183 1527
186 1668
186 2806
189 5992
192 5756
194 6545
197 1885
201 8524
202 1525
203 8630
204 7777
205 3215
206 9851
207 1912
208 5150
210 4671
212 7051
213 7869
221 4029
222 9468
223 607
225 5116
227 1923
227 8035
228 542
228 4149
235 1240
236 6991
240 5009
240 8667
241 7009
243 1979
243 8769
245 2321
248 2922
251 5254
252 5425
254 3210
255 3035
266 6956
268 7136
270 674
273 83
273 499
273 1181
281 3045
289 447
290 9344
292 4555
292 7020
293 9420
293 9790
294 5856
302 2388
305 9862
307 5725
308 5745
310 442
310 1404
311 320
311 2362
311 4951
311 5921
313 285
313 8286
315 3470
316 794
321 6726
321 7966
325 7272
329 6866
331 758
333 531
334 1814
334 1859
337 1700
339 865
346 8689
355 6659
355 8003
356 727
356 4048
358 1830
359 4695
360 8590
361 7095
366 4406
367 355
368 9398
370 2249
371 1814
371 6773
373 1692
373 8864
387 6142
388 631
389 9362
395 22
398 7371
401 8728
401 9537
409 7951
410 3995
410 6264
411 8921
413 2195
413 7974
420 1499
421 3113
430 2817
433 5233
438 232
439 6414
440 1759
446 685
446 4993
451 2270
454 6401
454 7205
455 5907
456 3744
457 2033
458 598
458 4215
459 3436
459 7436
460 3168
461 5401
463 4461
470 236
472 1318
474 2958
475 2971
475 5812
479 1601
479 9910
480 8258
481 3565
481 8248
484 355
485 2182
487 5085
488 4697
488 8247
489 4457
489 7764
491 7710
493 4771
493 4993
493 5604
494 511
496 1054
497 6219
498 6
499 598
499 5931
499 6659
500 3425
501 3604
504 2547
511 6586
513 6659
516 6153
517 2122
517 5211
517 9026
518 9975
520 6089
521 7900
523 190
523 5329
526 9607
527 4104
527 4924
527 8053
528 2136
529 1384
529 1571
532 534
532 3235
532 7293
534 1034
535 2356
535 6381
535 7635
540 1240
540 5862
540 6191
543 2661
544 7124
548 4444
550 520
550 2411
550 6967
555 3329
555 9944
558 2448
559 4460
559 7233
561 4533
562 9508
566 8417
567 3334
572 746
573 8262
574 4602
580 2628
580 5498
585 2488
585 6001
586 9978
592 4368
593 5660
594 5273
598 6769
604 5256
604 5946
604 6530
605 5737
606 9709
609 4301
615 3753
616 6750
619 7565
623 896
625 137
625 3221
626 3468
628 4321
628 9087
635 3231
637 3016
640 4192
641 5062
643 2688
645 7181
647 4394
650 2823
651 6938
653 818
667 6899
672 5527
672 5757
672 9326
676 4428
679 3334
680 9683
681 7990
683 3922
684 3214
686 4090
687 4209
687 5870
688 125
688 735
688 9262
692 9911
693 715
693 2674
694 2914
697 4301
699 4688
700 7419
704 1641
706 5746
706 7037
707 7054
711 9454
713 7389
713 8687
716 9570
718 3736
718 9644
720 3847
722 9458
723 8947
724 273
724 8104
726 1613
726 3168
727 6955
732 9656
732 9714
733 4536
735 1637
735 9416
739 8047
742 131
742 3756
744 5159
745 317
745 977
747 3607
752 8127
757 2182
758 3552
758 9259
759 166
761 6095
761 7043
764 9997
767 3779
772 8191
778 1882
779 25
780 8474
782 7081
783 3086
784 9384
786 5451
788 8591
791 6886
792 5046
792 9266
799 9696
800 1161
801 2978
806 7780
808 2709
810 4097
811 7139
812 3265
815 7248
815 8138
819 9997
821 1862
823 6529
824 8663
825 7636
827 8441
828 3139
830 3516
830 4467
830 9530
831 7663
832 3608
834 8314
841 46
842 225
842 9590
843 3200
845 8264
846 8246
849 2937
850 827
853 3153
853 3158
856 7522
859 1444
859 7242
859 8891
861 1883
864 3762
871 4667
872 5209
872 5799
873 4726
879 2143
880 9339
881 7106
882 2960
887 8303
890 5432
891 8519
892 3166
896 2274
910 5742
912 5127
915 9874
918 7308
920 9641
924 2537
928 2034
931 2840
935 7479
937 917
941 3428
944 5343
946 986
951 4711
951 9779
952 7231
954 615
954 4893
958 1305
958 8949
960 4380
960 7555
962 5402
963 6566
970 5732
971 1788
971 4648
971 6475
971 8188
972 6918
972 9923
973 7264
973 8213
974 4980
974 5446
977 1726
986 7333
987 2907
989 7610
990 227
990 5173
992 1141
996 9354
999 977
999 6838
1011 6733
1014 6204
1018 4090
1018 6228
1018 8460
1019 9757
1020 6841
1021 1400
1025 7259
1028 9291
1029 2880
1029 8104
1030 3074
1030 9688
1034 2052
1034 6422
1040 8859
1042 2314
1043 3471
1047 6248
1049 7919
1052 9562
1055 4900
1057 536
1058 1658
1061 5691
1065 2214
1067 5620
1069 5845
1070 7970
1073 6487
1077 6219
1078 1207
1078 2317
1079 7174
1080 8244
1082 8391
1083 6977
1084 893
1084 2748
1087 5604
1087 6238
1092 1212
1095 6001
1098 2974
1100 3787
1100 5269
1102 9986
1105 3800
1106 4581
1112 4508
1113 3436
1113 3533
1115 461
1119 4350
1123 59
1127 9615
1129 1406
1129 8562
1134 9657
1135 1244
1135 6104
1139 3039
1141 499
1142 5802
1143 9707
1144 4354
1146 5526
1155 2120
1156 8502
1163 2996
1164 4502
1164 7705
1171 8322
1172 5961
1173 5974
1174 3601
1178 9510
1183 2589
1188 4563
1188 9604
1189 6114
1189 7204
1190 3188
1194 1408
1196 1781
1196 7341
1197 6202
1198 3684
1198 7008
1199 1440
1200 5662
1204 6154
1206 4437
1207 1646
1209 349
1209 6026
1213 1897
1213 7073
1216 3427
1218 2034
1223 9259
1226 2530
1226 6579
1226 7391
1227 3389
1229 4802
1234 2595
1236 2104
1239 2808
1245 4959
1245 9868
1247 7224
1249 2930
1251 1377
1251 5671
1255 655
1256 4277
1258 4631
1259 6597
1262 6289
1263 9664
1264 2102
1264 4603
1265 6391
1266 1896
1268 943
1269 6979
1269 9785
1271 3875
1272 9930
1273 9319
1274 7811
1278 9834
1281 4097
1283 9959
1284 2175
1284 7534
1284 7663
1286 4913
1287 1396
1287 2843
1288 111
1289 6352
1294 4448
1295 2551
1295 6351
1295 7022
1295 9036
1296 2357
1301 309
1301 3119
1301 8072
1304 5207
1307 8866
1310 7883
1310 8155
1312 1132
1314 3983
1318 6233
1319 3258
1322 1532
1322 6190
1323 2299
1323 9082
1325 2830
1327 7376
1334 4986
1336 3010
1337 8901
1341 8663
1343 3899
1346 1361
1348 6425
1349 2150
1357 3601
1357 9296
1359 7998
1360 812
1360 9017
1362 6739
1363 115
1364 5476
1368 171
1368 8222
1369 6623
1379 8213
1380 3585
1380 9040
1381 4095
1383 8734
1385 1564
1389 4705
1390 6632
1392 2177
1394 6568
1398 6396
1402 4094
1403 761
1403 5034
1407 3743
1407 7686
1408 5599
1408 8208
1408 8637
1409 319
1409 3083
1413 5521
1415 5619
1416 4347
1418 2897
1419 4717
1419 6139
1419 8989
1422 2087
1423 1104
1423 2720
1423 6061
1423 6871
1425 1639
1425 6101
1426 2136
1426 2564
1427 3468
1430 1601
1434 176
1436 9884
1437 1010
1438 3299
1438 8626
1442 2624
1446 1181
1446 3160
1446 7134
1446 8605
1447 9996
1449 9717
1450 5881
1454 3346
1454 4265
1454 7998
1455 1147
1458 5502
1462 8692
1468 3613
1477 2071
1479 5401
1480 1095
1481 1127
1482 5376
1483 4672
1483 7848
1485 3839
1488 6143
1489 9784
1490 1386
1491 4326
1491 5501
1492 8851
1494 122
1494 1055
1494 6915
1497 3851
1498 1335
1498 7041
1507 9775
1511 6130
1511 9672
1512 1342
1512 6327
1514 8190
1515 1680
1519 8242
1520 7938
1521 9109
1523 7209
1524 447
1525 4333
1526 8849
1529 3649
1531 8982
1532 8125
1537 1812
1537 6067
1537 6224
1537 7435
1538 7847
1538 7892
1538 9299
1544 5191
1547 6201
1553 1772
1553 1864
1556 3748
1561 665
1566 9146
1571 4866
1571 7753
1573 7092
1578 3644
1580 3569
1581 6165
1583 3953
1583 5136
1584 4038
1588 8226
1589 2986
1593 2132
1595 1050
1601 1757
1602 2899
1602 3454
1603 769
1607 7535
1610 2495
1612 7800
1614 3249
1616 7176
1624 9588
1634 7374
1640 5577
1642 921
1644 6737
1646 4489
1648 5688
1654 3089
1654 5201
1660 3361
1662 3192
1662 5683
1663 7551
1665 7451
1668 4695
1670 2341
1670 7440
1670 8049
1672 4266
1675 7394
1678 9543
1679 305
1680 8286
1681 3565
1682 15
1683 7836
1684 8981
1693 3128
1697 1217
1697 4138
1698 2019
1699 6679
1701 4658
1702 151
1702 9199
1704 6032
1706 195
1707 7800
1708 5420
1708 6540
1709 2238
1710 3272
1711 3581
1711 4503
1723 8230
1726 3208
1726 3854
1727 2992
1727 6326
1727 7274
1730 6773
1734 967
1737 9935
1739 5289
1740 9775
1742 192
1742 8654
1744 899
1751 8893
1752 5676
1759 1873
1760 7638
1771 8252
1774 2257
1774 5678
1775 7770
1776 5928
1777 8463
1778 9610
1779 9076
1783 6019
1785 7941
1787 3204
1790 2949
1791 6285
1797 4932
1797 7230
1800 6134
1801 2095
1801 4602
1808 4311
1810 5218
1818 5825
1821 2841
1821 8333
1829 7746
1830 6302
1833 8925
1835 623
1835 2625
1836 2821
1837 696
1841 8963
1845 4815
1846 438
1855 227
1856 5047
1857 5086
1858 332
1859 4553
1859 9473
1862 148
1862 2371
1864 2450
1870 2664
1871 2992
1873 3535
1874 1328
1874 7499
1875 1340
1875 5754
1876 3317
1876 5956
1881 3693
1882 1169
1884 2629
1888 7092
1888 8975
1889 3770
1889 5699
1890 1155
1890 5147
1891 1088
1892 5857
1893 1587
1895 7962
1896 2115
1898 3417
1900 718
1900 8529
1902 3193
1902 7458
1904 620
1906 9353
1913 6100
1913 9656
1913 9686
1915 1389
1916 7015
1917 4237
1918 3567
1921 670
1921 4202
1921 8197
1922 2973
1925 5157
1930 8007
1932 2190
1932 5622
1933 4216
1934 1494
1936 5275
1939 9093
1939 9292
1940 8136
1942 9642
1943 6268
1952 9186
1954 3084
1955 6626
1957 4094
1959 8117
1962 833
1967 4994
1967 8241
1969 488
1970 7542
1971 6907
1971 8600
1975 3271
1980 1257
1980 5680
1984 855
1989 837
1990 5680
1992 1211
1994 6689
2002 3002
2005 397
2005 5726
2008 4915
2008 5748
2008 9265
2010 181
2014 599
2018 6748
2018 8086
2019 3653
2019 9301
2020 2264
2023 2707
2025 2649
2025 6457
2027 881
2028 4016
2032 6035
2032 6792
2032 7700
2032 8383
2034 1564
2038 1791
2038 4847
2042 8575
2043 8757
2046 9848
2047 2962
2051 5684
2053 1533
2055 8537
2059 3950
2060 4506
2061 1018
2067 5098
2067 7906
2067 9938
2073 3100
2074 8528
2074 9504
2076 9604
2077 3986
2080 1595
2080 6140
2081 6703
2082 4341
2083 29
2084 152
2085 7902
2093 5130
2095 7530
2097 8160
2098 8984
2100 9926
2101 2994
2102 8837
2108 8643
2108 9198
2110 7691
2111 5320
2114 3746
2115 9858
2117 1250
2125 6928
2128 8160
2130 6025
2131 274
2131 6091
2131 6415
2131 9840
2134 6689
2137 1283
2139 4167
2139 5764
2142 5972
2142 7704
2142 8861
2145 448
2145 4429
2145 7927
2146 9086
2152 377
2152 6565
2153 3752
2153 3928
2158 2415
2158 2795
2159 3722
2159 7175
2163 5940
2166 3818
2167 9720
2168 3556
2169 5928
2169 7145
2169 9053
2172 9684
2174 9543
2177 4052
2177 4696
2179 5250
2182 522
2182 9374
2186 8795
2188 9755
2188 9940
2191 1324
2193 2198
2194 485
2196 85
2196 4704
2196 8989
2199 249
2203 5658
2204 300
2204 6510
2204 8970
2205 9530
2213 3296
2215 1583
2216 951
2217 3906
2229 1921
2234 5652
2235 5601
2236 3639
2240 6643
2241 3759
2244 4513
2244 4981
2244 9436
2245 3880
2245 8968
2246 3479
2246 9173
2249 1000
2251 2391
2252 3087
2253 8869
2253 9743
2254 7324
2255 6117
2257 5484
2258 4559
2258 5227
2259 6101
2260 2734
2261 871
2267 7527
2267 7732
2274 1247
2276 5539
2277 2093
2278 3165
2278 6885
2288 1968
2295 1809
2297 3608
2297 8214
2302 795
2303 2349
2303 6166
2304 54
2308 7726
2309 4905
2310 7417
2311 1698
2318 5891
2319 666
2320 5258
2321 3847
2322 2822
2323 3304
2325 8644
2326 9427
2328 4560
2331 1782
2331 4202
2331 6858
2337 8460
2338 2776
2339 9623
2341 658
2343 5820
2344 962
2344 6355
2348 3339
2351 4482
2351 8330
2352 50
2352 3564
2354 1012
2355 2262
2356 311
2358 5074
2360 1235
2360 5557
2365 9663
2369 2506
2369 2936
2369 7076
2372 2851
2374 1551
2375 4900
2375 7971
2379 1353
2386 7346
2388 4719
2388 6126
2389 9799
2393 8696
2395 8190
2395 8243
2401 1772
2401 5837
2401 7572
2402 1059
2403 193
2405 9870
2406 9954
2408 480
2408 4185
2411 660
2413 4706
2420 16
2420 311
2421 2513
2428 670
2428 8556
2430 8346
2430 9950
2433 5620
2436 773
2439 4363
2441 3526
2444 6096
2444 9154
2446 7225
2448 9203
2451 3966
2451 7400
2452 202
2452 8906
2453 472
2455 2186
2457 1890
2457 4508
2457 5538
2460 7663
2462 3672
2462 8937
2462 9230
2466 1846
2468 4544
2469 8373
2472 2731
2475 738
2475 5030
2478 9565
2479 5877
2480 6237
2481 1121
2481 1478
2482 4312
2484 6767
2488 485
2488 5580
2488 8540
2489 6866
2491 7451
2495 5336
2496 5255
2497 5264
2498 4747
2499 4270
2502 4009
2505 6329
2505 7679
2506 6087
2507 4909
2510 1375
2510 7681
2512 892
2513 7143
2515 4713
2516 73
2518 4820
2521 3517
2523 4485
2524 8163
2525 6274
2525 7874
2528 4995
2530 7072
2531 4683
2531 8962
2533 9932
2534 3406
2536 4533
2537 6374
2543 6329
2546 3879
2546 8877
2547 3658
2550 8474
2550 9698
2551 5804
2552 4823
2553 9743
2555 1602
2555 6442
2560 9729
2562 2268
2564 2587
2565 1814
2566 1664
2568 9457
2569 6910
2569 9932
2570 239
2570 3921
2571 5797
2571 8003
2580 5531
2581 9581
2585 5254
2586 2412
2587 5542
2587 5941
2591 8488
2592 576
2593 1809
2594 5355
2595 5142
2595 6287
2596 1673
2597 4572
2599 8600
2602 989
2602 2819
2602 8791
2607 5934
2609 4329
2610 3153
2612 6027
2612 6915
2613 3408
2615 4417
2615 5420
2618 7409
2619 6044
2627 598
2629 6622
2630 4115
2630 9282
2638 75
2638 2677
2640 7520
2640 7542
2644 7002
2646 4188
2647 1961
2647 2776
2650 8052
2652 5797
2655 6795
2662 516
2664 5266
2664 5507
2666 1479
2667 3633
2668 4968
2668 8134
2669 7391
2670 7901
2676 9199
2677 100
2677 5280
2677 5475
2680 2398
2683 9701
2684 5543
2690 1099
2691 465
2691 7125
2692 2192
2694 920
2701 6934
2701 9528
2704 6734
2706 1194
2716 8412
2717 4000
2717 4112
2719 747
2719 2933
2724 9299
2727 9847
2732 1128
2733 8744
2735 780
2737 1395
2737 4133
2737 4724
2737 7041
2740 959
2740 3797
2741 8976
2746 6680
2747 6179
2748 8642
2750 74
2750 3093
2750 5585
2750 9473
2754 5969
2755 7952
2756 988
2756 5105
2758 3084
2760 7687
2761 3238
2769 5034
2770 5059
2774 174
2774 4550
2778 1744
2779 4007
2780 6423
2785 7288
2786 5407
2787 5680
2789 2535
2791 1505
2792 7801
2794 5012
2794 9766
2797 3619
2801 9134
2802 7112
2803 7808
2806 3672
2807 3446
2807 5313
2807 6321
2808 5938
2813 3379
2815 9243
2816 171
2816 5325
2819 5472
2819 7443
2822 593
2822 1098
2822 1641
2825 4632
2827 1297
2834 2651
2835 9870
2836 4474
2839 6472
2842 2583
2842 5184
2845 763
2845 1421
2845 6810
2847 7649
2849 7942
2849 9579
2851 4272
2851 7935
2852 1220
2853 1749
2854 6587
2860 5174
2860 7521
2871 8850
2873 5644
2877 5329
2879 6010
2883 1074
2885 3284
2892 5938
2899 496
2905 916
2906 1697
2907 2955
2908 6377
2910 9921
2913 1174
2913 7525
2914 758
2914 823
2914 6938
2914 7254
2915 9478
2916 1449
2920 7900
2923 2157
2929 1312
2929 9592
2930 2692
2934 3433
2935 5052
2937 9873
2940 4804
2941 4675
2941 8225
2945 6632
2948 402
2949 5684
2951 8653
2956 5442
2957 2869
2959 1798
2959 1945
2960 9366
2964 1506
2964 3869
2965 6258
2966 2087
2969 8005
2970 8506
2973 9789
2974 262
2974 8096
2976 5884
2981 7660
2981 9292
2983 9091
2988 7131
2989 5574
2989 9244
2991 9122
2997 3563
2997 6819
2998 8910
2998 9182
3000 3767
3002 281
3004 8214
3008 1667
3008 2812
3014 7248
3016 2079
3017 6918
3019 4350
3022 7957
3024 6724
3025 2494
3025 3235
3025 5404
3030 4796
3033 1547
3033 9701
3034 1310
3034 3297
3034 6220
3035 6086
3037 7922
3039 8479
3043 2221
3049 1412
3049 4895
3051 8234
3053 1723
3053 8598
3053 8912
3055 8688
3058 6302
3060 3825
3060 6385
3060 9962
3071 4190
3071 6514
3071 8118
3075 2047
3076 5266
3076 8614
3080 6947
3082 5723
3083 3850
3083 5488
3084 5667
3085 5306
3085 6087
3085 6138
3085 8035
3087 2919
3088 4860
3091 1041
3092 3736
3092 3988
3095 8495
3096 9932
3098 2512
3098 6702
3098 9472
3100 964
3100 6614
3100 8086
3102 2954
3103 4057
3103 4752
3110 591
3112 9438
3112 9993
3113 5552
3114 3850
3117 6711
3118 6790
3120 4323
3126 3783
3131 4696
3137 8984
3138 2585
3138 3672
3140 5550
3143 7328
3143 8455
3144 6379
3147 4874
3151 9852
3158 2958
3162 585
3162 2402
3162 6155
3162 6535
3163 3174
3163 3479
3163 5132
3164 1025
3168 2307
3170 8663
3170 9545
3172 8048
3173 6977
3175 1953
3178 7385
3181 2201
3181 4138
3181 8929
3182 9489
3183 8544
3186 764
3188 6417
3190 668
3191 1326
3191 5111
3194 3451
3195 3964
3195 8913
3198 4828
3199 5861
3200 4197
3201 7195
3204 3295
3207 188
3209 5208
3213 8426
3215 6716
3215 7300
3216 9180
3219 1036
3221 4975
3221 5960
3222 6628
3222 7139
3223 8448
3225 569
3225 5483
3226 5621
3226 7594
3227 4275
3230 2821
3232 192
3232 2283
3232 8319
3234 1239
3234 7803
3237 4158
3239 384
3240 6766
3240 8593
3240 9134
3242 550
3247 380
3247 8543
3254 1621
3255 6589
3255 7498
3262 1329
3269 2320
3269 7522
3270 6235
3272 6089
3275 486
3275 770
3277 6001
3280 4940
3287 6408
3287 8766
3289 5594
3289 6157
3291 4104
3296 2258
3300 3854
3304 2464
3304 7918
3306 5222
3311 8063
3318 884
3318 9310
3324 99
3326 5639
3326 8344
3327 1916
3328 3678
3330 3595
3331 7017
3332 4034
3332 6007
3334 677
3337 6690
3339 8670
3342 2757
3344 2933
3347 4872
3347 6792
3350 1877
3351 8031
3352 6606
3353 7163
3354 8118
3356 6902
3360 451
3360 6302
3362 1410
3364 5839
3364 8899
3369 2484
3369 5459
3370 2642
3370 5411
3371 5859
3371 9816
3373 97
3377 3125
3378 3759
3379 3450
3380 2283
3381 8778
3382 797
3382 3862
3383 8661
3386 9031
3387 4439
3388 6363
3389 2772
3389 8280
3390 1806
3390 1864
3392 2347
3397 730
3399 5206
3401 8571
3402 112
3402 236
3403 3073
3407 9913
3408 1477
3409 4624
3409 5515
3409 7800
3414 8243
3415 3956
3417 4999
3419 4313
3419 8751
3421 8620
3426 1244
3428 1152
3428 1643
3428 5608
3429 426
3429 5488
3431 3121
3431 3989
3431 9249
3432 1562
3433 6789
3434 5578
3435 2120
3435 2606
3435 8247
3436 100
3439 1882
3442 6284
3445 464
3445 4109
3446 3017
3447 6059
3449 5423
3450 9425
3452 2673
3456 6385
3459 4056
3463 790
3463 7127
3467 8360
3468 1915
3473 9377
3474 6348
3475 1346
3477 3473
3477 7446
3478 3892
3480 9862
3483 1033
3486 6794
3491 2281
3491 3240
3493 3552
3497 9431
3499 1049
3500 7224
3501 1249
3513 9486
3519 7031
3528 6568
3529 5230
3529 7283
3532 3185
3533 8563
3534 9349
3541 1703
3542 6037
3545 469
3550 7393
3554 6898
3555 2888
3555 9517
3560 837
3561 9526
3564 5130
3571 9076
3580 4616
3580 4785
3582 3190
3585 1726
3588 954
3589 8883
3592 1935
3597 4002
3600 4769
3601 7298
3603 6969
3604 6694
3610 2067
3610 7567
3612 5682
3614 4884
3617 8827
3617 9013
3618 2608
3621 7551
3621 9125
3625 6720
3627 1278
3627 3009
3627 5437
3627 5593
3628 9191
3629 843
3631 1393
3631 8962
3633 5234
3634 5241
3634 7040
3635 3554
3635 8720
3639 244
3643 4161
3643 4313
3649 3686
3649 5462
3651 3367
3651 3422
3652 1856
3652 9368
3655 5301
3655 7756
3658 2862
3659 3992
3668 9434
3670 2456
3671 4733
3672 5162
3675 1714
3680 7089
3681 4744
3682 6378
3683 9959
3684 7220
3685 8079
3688 1940
3690 3056
3690 5350
3694 8459
3695 4133
3701 1744
3702 8084
3705 5311
3706 2501
3707 6609
3707 7147
3708 3878
3710 978
3711 7226
3713 7394
3716 4131
3716 7016
3718 9942
3719 782
3720 1739
3731 6599
3732 5745
3734 3725
3734 5652
3735 8411
3735 8897
3740 8573
3742 7260
3742 7876
3743 1393
3743 4381
3745 7442
3747 1998
3752 379
3752 9751
3753 2063
3754 4317
3754 6185
3757 8437
3758 8544
3763 9582
3764 7153
3764 7484
3765 6874
3773 4351
3774 1839
3776 1792
3777 6582
3777 6932
3779 4051
3780 6218
3780 6340
3782 5050
3782 8126
3786 6997
3788 7080
3791 2708
3792 5425
3793 7982
3794 6403
3795 4157
3796 521
3797 2464
3798 1595
3799 6699
3804 3941
3805 1929
3805 2777
3806 3227
3806 6067
3807 9530
3808 5329
3809 70
3809 3615
3810 4272
3812 6026
3813 4643
3814 5087
3816 9750
3817 5472
3819 471
3819 5008
3822 72
3822 1436
3822 4500
3825 2429
3829 8022
3831 127
3835 1892
3835 4489
3835 5385
3843 9818
3844 8080
3845 7323
3848 816
3848 2665
3849 5476
3851 3421
3851 3430
3852 2233
3852 5185
3852 8555
3856 7894
3860 6273
3861 5820
3866 9648
3867 365
3868 5897
3869 3498
3872 2480
3873 9096
3878 6830
3883 2055
3886 6017
3891 5065
3894 7910
3896 3027
3898 1130
3898 6573
3899 4057
3903 366
3905 7810
3911 9474
3912 7796
3912 9854
3912 9994
3915 2742
3915 3863
3916 9400
3917 3933
3919 8394
3922 6947
3923 7164
3932 4050
3936 4296
3941 6015
3942 7436
3944 9127
3950 9647
3955 5612
3956 7436
3960 3628
3960 7306
3963 533
3964 7790
3965 2945
3966 2372
3966 6697
3967 2750
3974 2276
3975 8808
3981 9555
3983 6618
3990 246
3990 3798
3992 2579
3995 4439
3996 9929
3997 266
4001 2680
4001 4229
4003 1205
4005 2867
4006 502
4006 9005
4011 9343
4015 5613
4016 3323
4021 7744
4021 7952
4021 9600
4023 3744
4023 5055
4025 2743
4025 4157
4027 2666
4029 7203
4030 98
4032 2764
4033 2674
4033 7164
4034 32
4035 4622
4036 8589
4038 4388
4041 5308
4042 981
4043 4416
4044 1556
4045 8033
4048 7105
4049 9788
4051 4858
4057 785
4058 6560
4058 7749
4060 4048
4060 7549
4063 2430
4067 4049
4068 3546
4068 8510
4069 3738
4069 4955
4069 5603
4070 3671
4074 110
4081 6839
4085 1693
4086 1560
4088 1767
4091 1499
4094 5176
4101 418
4101 1424
4108 4077
4111 460
4112 9112
4112 9227
4115 4561
4116 952
4117 5259
4125 1407
4125 5958
4127 8525
4128 9434
4129 5977
4130 337
4135 7951
4138 2970
4141 843
4141 3312
4142 7187
4143 5104
4147 8260
4148 1689
4148 6696
4149 5489
4149 8088
4150 3116
4150 3424
4154 1700
4156 5938
4157 8821
4160 6280
4161 2249
4164 9550
4168 1936
4168 4567
4169 5113
4175 1694
4176 9163
4178 1296
4178 1569
4179 5816
4179 6417
4181 6854
4184 4735
4188 8180
4189 7059
4193 6363
4194 8941
4200 7479
4205 6593
4206 4521
4207 1543
4208 6436
4208 7603
4209 5045
4211 3188
4212 9004
4213 9762
4213 9930
4214 5078
4215 7987
4216 2315
4220 3761
4221 4344
4222 7407
4223 7131
4227 9986
4228 274
4229 4955
4230 689
4230 6495
4231 7017
4232 140
4235 6776
4236 5032
4237 6526
4240 3933
4244 2993
4246 843
4246 2702
4248 7016
4248 7295
4251 4982
4253 6841
4259 13
4260 5291
4263 7780
4264 2140
4264 6029
4264 8099
4268 3102
4268 7929
4271 8720
4274 2655
4274 4262
4275 2774
4275 5418
4276 6084
4276 9735
4280 6304
4280 6660
4284 1004
4285 7409
4286 8884
4289 9759
4291 6801
4292 3519
4293 815
4293 2816
4293 5924
4295 1641
4297 5401
4304 4352
4305 2261
4305 7300
4306 6396
4311 5353
4312 2527
4317 5602
4319 9060
4320 1936
4325 5913
4329 4140
4329 4629
4330 1473
4331 3089
4333 3477
4334 489
4337 111
4337 5932
4338 3723
4338 9331
4339 6499
4341 595
4341 4578
4342 5792
4344 4559
4345 93
4352 7819
4354 7150
4357 714
4358 2326
4358 3323
4358 8166
4358 8481
4361 818
4361 4759
4362 1504
4365 8056
4367 4268
4368 2109
4368 5953
4370 3701
4371 9909
4376 56
4381 1184
4382 3004
4382 4651
4383 2912
4387 1743
4388 9771
4394 2187
4395 3531
4400 9207
4409 5715
4410 4217
4410 4514
4412 133
4414 3691
4415 7969
4416 1136
4417 5416
4420 7294
4424 4145
4426 1511
4427 1736
4429 8677
4429 8702
4430 6787
4430 9395
4431 7610
4442 4768
4445 516
4445 5999
4446 2873
4446 4782
4448 1698
4448 2201
4449 4274
4449 5022
4450 4747
4453 5596
4454 2670
4454 3284
4456 5590
4456 9951
4457 1979
4457 6588
4459 4860
4460 4890
4461 8524
4464 1317
4466 8086
4468 393
4471 3080
4473 8820
4474 2002
4475 8600
4482 6496
4484 1710
4484 7093
4486 8576
4491 2062
4499 7371
4503 2872
4504 1918
4507 5840
4507 7300
4509 6713
4515 225
4515 5002
4516 3487
4519 918
4519 8954
4523 5749
4524 540
4525 262
4533 5451
4534 7788
4535 1459
4535 8980
4538 7554
4538 8290
4541 564
4541 3265
4541 5265
4544 365
4548 7415
4550 5659
4553 109
4559 1051
4560 6099
4563 449
4565 5592
4568 4313
4576 4308
4577 8089
4578 1455
4578 6787
4579 9607
4582 3447
4584 7291
4585 3312
4591 5598
4596 4324
4596 5166
4599 8792
4600 112
4602 2870
4607 5220
4610 1860
4611 7842
4612 5655
4615 1106
4615 3338
4615 4058
4617 3769
4617 3855
4617 4789
4617 7977
4623 13
4624 8557
4628 4479
4630 6658
4633 3051
4635 6898
4638 4873
4638 7709
4642 5842
4651 6707
4655 9332
4657 3180
4659 9017
4662 8580
4663 5748
4664 6162
4668 83
4668 1393
4669 5858
4670 6349
4672 2207
4672 5089
4673 3878
4676 6098
4678 261
4678 6356
4678 8436
4681 1771
4684 6572
4685 7310
4686 621
4691 2747
4691 3326
4700 1247
4701 1523
4702 3246
4702 9788
4704 2110
4704 2949
4705 5308
4706 9552
4708 4699
4711 9754
4717 1166
4721 5507
4723 4258
4724 5898
4724 6166
4726 1249
4727 3525
4727 7220
4731 4808
4732 7691
4734 5645
4737 9998
4741 592
4741 6013
4742 8098
4744 4399
4749 5294
4751 5449
4751 8488
4754 2247
4756 9413
4757 4972
4758 635
4759 9376
4760 9350
4761 6740
4765 5727
4766 2307
4767 95
4769 5116
4769 7443
4773 5150
4775 2673
4775 6838
4775 6870
4775 8566
4776 3528
4780 3572
4780 4280
4780 5144
4780 6258
4784 2956
4785 9383
4788 3139
4789 3807
4794 537
4794 2981
4796 4163
4796 8823
4799 8869
4800 4288
4801 8554
4808 8651
4809 8765
4812 4651
4812 8126
4814 5535
4815 5078
4820 1692
4828 4743
4830 5742
4832 5903
4833 5915
4835 2630
4835 4191
4837 8723
4838 4431
4844 180
4844 4952
4845 2246
4845 3106
4845 4927
4846 4848
4847 6909
4850 7618
4852 618
4854 3589
4855 1331
4858 6165
4858 7334
4865 2109
4871 7921
4871 8510
4872 5363
4873 719
4873 5105
4873 6037
4875 3417
4876 9223
4878 2551
4882 8024
4886 8234
4890 9026
4894 3482
4894 5338
4894 8234
4895 5043
4902 264
4902 7388
4904 1997
4904 8811
4908 9643
4909 1761
4909 3295
4911 5874
4911 6212
4911 9400
4912 8708
4914 2191
4915 2203
4917 7002
4918 2860
4920 1678
4920 2905
4920 2935
4923 8249
4926 1892
4926 4721
4926 7318
4927 4217
4929 6876
4936 7318
4937 5296
4937 6934
4938 1092
4938 2140
4941 4322
4943 8694
4947 4108
4947 7842
4948 1099
4948 4424
4948 7131
4950 1453
4956 3257
4959 585
4959 7184
4961 2149
4961 3103
4961 9311
4967 6333
4970 8418
4972 7633
4973 8929
4974 7457
4975 7246
4976 1905
4976 9196
4979 9848
4980 8267
4984 4320
4986 1892
4989 7370
4990 6002
4993 6110
4993 7975
4997 8350
4998 9035
4999 3657
5000 1210
5003 6933
5004 6604
5006 2095
5006 4689
5011 2596
5012 5318
5012 5705
5015 5569
5021 2425
5021 5386
5021 7280
5021 7410
5023 7971
5023 9644
5025 6363
5026 6587
5028 6637
5028 8264
5029 6201
5031 7285
5032 1533
5032 3974
5033 1694
5035 6905
5045 6378
5049 5076
5051 4595
5052 2552
5053 3509
5054 8954
5054 8984
5054 9125
5055 5347
5057 1032
5058 8721
5061 8888
5068 9879
5069 6672
5069 7624
5072 4885
5073 7560
5074 99
5079 4790
5081 577
5083 919
5084 228
5084 5339
5084 5854
5088 2889
5091 7972
5097 6383
5098 9608
5099 7978
5100 2265
5101 3646
5104 2804
5107 6730
5108 2949
5110 565
5110 8834
5111 591
5111 2629
5112 7338
5114 5223
5114 5954
5117 848
5118 7676
5119 5350
5122 2548
5123 2091
5123 8184
5123 9998
5124 2588
5128 938
5131 430
5132 2982
5132 5572
5133 1219
5134 4270
5134 5291
5134 8353
5136 4553
5137 4064
5138 5907
5139 1948
5140 4574
5140 4749
5142 7710
5146 8995
5146 9925
5147 8133
5148 2393
5148 5925
5148 6441
5149 2658
5150 4362
5153 6981
5153 9210
5154 1112
5159 4273
5168 1073
5168 2179
5168 2641
5174 2277
5176 2330
5178 8052
5179 7204
5179 8234
5182 1220
5183 1398
5184 4881
5184 9899
5187 6423
5188 1670
5188 9830
5189 1854
5192 4205
5194 926
5194 8856
5195 6435
5199 8714
5200 7927
5203 4380
5205 2537
5207 2100
5213 1434
5216 2276
5217 1165
5217 2436
5217 5360
5217 5449
5219 9578
5220 5120
5221 502
5221 7373
5223 9800
5224 279
5225 180
5226 4962
5228 5123
5230 696
5231 882
5233 5092
5242 7614
5246 5763
5248 9813
5251 1448
5252 5573
5252 8221
5255 1568
5255 4154
5256 2305
5258 1516
5259 1746
5259 4049
5259 5022
5265 1064
5266 7421
5269 6342
5270 296
5271 1539
5279 6497
5280 7538
5281 5648
5282 741
5287 9777
5291 3579
5292 6622
5295 2596
5295 5364
5299 79
5300 8168
5301 8430
5306 3752
5307 2599
5310 1695
5311 6706
5314 4370
5315 37
5317 4768
5321 8068
5326 8588
5327 2654
5327 5630
5333 1357
5336 140
5336 769
5342 5650
5342 5832
5352 140
5354 7207
5356 2645
5356 8996
5367 1803
5372 5133
5376 4812
5378 1625
5378 6757
5378 9180
5380 5446
5380 9900
5381 2669
5381 6912
5382 4385
5384 2893
5386 4437
5392 541
5392 797
5393 6579
5394 6301
5395 805
5399 5007
5400 2513
5400 6952
5401 1634
5401 6055
5402 7716
5406 2848
5406 4041
5407 522
5410 2896
5413 2740
5413 6040
5415 4728
5422 5437
5423 9727
5425 1501
5429 2335
5431 5848
5432 9553
5433 2161
5434 6167
5435 1200
5435 4245
5440 717
5441 1841
5443 6731
5443 9085
5448 7341
5450 1685
5451 3896
5452 2551
5455 7020
5456 8886
5461 1340
5461 8421
5464 6475
5465 7584
5466 8161
5471 2827
5471 5160
5472 3388
5476 8678
5477 4795
5477 4964
5481 2635
5485 1760
5492 6621
5493 2552
5494 5194
5494 7126
5496 1861
5499 3544
5499 3960
5499 5127
5501 3377
5502 7946
5503 3406
5504 5578
5505 1876
5507 4748
5512 6764
5515 5184
5520 1972
5520 7875
5521 5944
5521 7496
5524 5765
5527 5053
5530 929
5537 7281
5538 8931
5539 4900
5540 3936
5543 3727
5544 1602
5546 7984
5552 7710
5554 3081
5557 172
5557 3826
5558 1462
5558 4965
5559 473
5560 8967
5563 4591
5564 4553
5565 4780
5566 2935
5570 9304
5573 3354
5574 8888
5577 8321
5579 8727
5581 272
5581 9178
5582 3627
5582 4006
5583 395
5583 10000
5588 3706
5590 826
5590 4522
5590 8583
5593 1831
5596 4590
5600 1777
5604 2638
5608 1021
5608 4893
5609 2035
5609 7297
5610 1419
5615 6428
5618 2668
5619 6783
5620 7301
5621 5689
5624 2308
5626 5008
5627 8990
5628 4227
5630 7826
5632 9950
5635 8395
5636 3448
5636 5970
5640 6021
5644 7734
5645 4124
5648 1163
5648 8860
5651 1683
5653 5538
5655 1024
5657 4728
5658 3945
5659 7088
5660 4485
5662 4338
5663 8411
5664 149
5665 4777
5665 7206
5665 8698
5666 7499
5667 2358
5668 493
5668 3343
5674 1870
5675 2185
5675 4901
5676 452
5677 3771
5677 4547
5680 3814
5680 4771
5682 7063
5683 1058
5683 8888
5684 5304
5685 5451
5694 215
5697 5316
5700 1894
5700 8907
5702 6309
5703 452
5704 7324
5705 4222
5706 6644
5709 1248
5713 7243
5714 1626
5715 3005
5717 3273
5717 6633
5719 2147
5719 7058
5719 8891
5721 7226
5722 8285
5724 8276
5729 950
5730 955
5734 2722
5735 2773
5735 8998
5736 1860
5737 5307
5737 6165
5739 4202
5742 1449
5742 1600
5743 3989
5745 1410
5746 5327
5749 5109
5750 4145
5750 8929
5752 8960
5754 5676
5755 1078
5755 3017
5756 3523
5759 5820
5765 1857
5766 4890
5767 2925
5767 6452
5767 6515
5773 861
5774 5939
5775 6087
5778 3098
5780 425
5783 3869
5785 8326
5787 9246
5789 4452
5789 9033
5799 6509
5803 800
5803 962
5804 9181
5807 236
5810 8963
5811 3731
5812 7347
5812 9711
5815 4979
5815 6562
5820 189
5821 6927
5824 3965
5826 2484
5826 3180
5828 588
5829 9725
5831 6275
5832 8695
5837 2917
5838 4331
5839 1345
5841 9082
5845 9586
5846 8051
5852 3865
5853 3768
5856 2239
5856 8567
5858 8370
5861 8151
5863 9504
5864 3159
5865 832
5866 940
5868 3625
5868 5923
5870 5355
5871 9795
5873 4599
5877 347
5879 3277
5881 1674
5881 6466
5883 122
5883 744
5883 8407
5888 6336
5889 7779
5890 8909
5891 6822
5898 3297
5901 4443
5903 2141
5908 2838
5909 5194
5909 5437
5910 419
5910 6728
5910 9193
5911 5409
5918 8353
5919 5212
5919 6927
5922 2660
5922 5967
5922 6640
5923 4076
5923 7135
5933 4753
5936 8613
5937 8377
5938 5614
5939 3956
5941 191
5944 5249
5944 7483
5945 2348
5945 6190
5946 8133
5950 7660
5951 404
5952 5007
5953 3508
5954 1031
5957 9826
5958 4537
5962 7202
5963 2875
5963 8843
5965 6386
5966 894
5966 5430
5966 5575
5967 4728
5967 9830
5972 7015
5973 6751
5973 9353
5976 565
5981 325
5983 8319
5983 9106
5984 2431
5984 6189
5985 7838
5990 95
5990 5138
5991 101
5991 181
5995 7818
5998 1913
6003 6531
6003 9644
6006 8166
6009 5219
6010 1356
6011 7381
6012 1087
6013 8380
6014 4300
6014 7141
6016 5529
6021 1695
6021 3429
6024 376
6024 7081
6026 3697
6026 6533
6028 6166
6033 9143
6036 759
6038 5635
6041 3157
6044 128
6044 2617
6047 3418
6050 5059
6052 1191
6055 6593
6055 9112
6056 5927
6059 9771
6064 2848
6065 7231
6068 1870
6068 6530
6073 1684
6077 1758
6079 71
6080 6631
6081 7783
6083 638
6084 8000
6084 8050
6085 684
6085 3026
6085 6462
6090 1990
6095 9770
6096 3535
6097 3152
6098 2855
6100 1986
6101 3703
6102 4779
6102 5633
6102 6587
6105 5236
6108 9395
6109 5596
6110 2914
6115 3315
6116 4888
6119 1896
6132 1676
6133 1806
6133 8500
6135 3481
6136 9829
6138 7046
6140 6677
6142 4001
6142 4962
6143 2825
6146 308
6146 8125
6148 8111
6148 8935
6150 886
6156 757
6156 4222
6162 9991
6164 8687
6166 3259
6169 7448
6171 8994
6172 1957
6174 8444
6175 7502
6176 271
6178 2401
6178 9317
6180 5760
6183 2612
6183 6383
6183 9179
6184 3632
6184 7682
6186 3371
6186 6860
6189 1836
6192 975
6192 6338
6192 6377
6192 7824
6193 7325
6195 7268
6196 9740
6199 4499
6206 1092
6207 1872
6209 4582
6209 7783
6210 9998
6212 9407
6213 4090
6218 4140
6221 2216
6229 7733
6233 2704
6239 7357
6240 3079
6241 4740
6247 2811
6247 3591
6247 8708
6252 298
6252 2074
6252 4645
6254 8955
6255 7114
6257 3131
6260 714
6266 1131
6267 5114
6267 8686
6269 2756
6269 6349
6276 2599
6276 3940
6277 3507
6277 5833
6277 7733
6278 5496
6279 2792
6279 5410
6280 1999
6280 3565
6281 248
6287 1777
6287 3660
6295 3733
6296 276
6297 4179
6299 5959
6299 6289
6308 87
6309 7114
6310 7270
6311 6740
6312 5083
6316 7214
6316 9162
6317 9
6317 3442
6318 7482
6318 7773
6318 9587
6319 6085
6320 244
6320 296
6325 3146
6330 733
6331 6297
6337 2329
6337 9347
6340 2337
6346 1428
6348 911
6349 8744
6350 2764
6350 9959
6354 6913
6354 7542
6355 3121
6355 6416
6356 5838
6362 5881
6365 2181
6367 2647
6367 7196
6375 924
6378 553
6378 1440
6379 3541
6379 9071
6380 5701
6381 4893
6384 9340
6385 4137
6385 6523
6388 9156
6391 6796
6393 3444
6398 3708
6401 232
6405 1343
6408 4531
6408 6676
6413 5908
6413 9794
6418 3613
6420 8123
6422 1316
6424 5005
6425 533
6426 4312
6427 8925
6429 1655
6434 7841
6437 2646
6437 9435
6437 9580
6438 1449
6440 3469
6441 1668
6442 7581
6445 9644
6450 9127
6452 4198
6452 7767
6453 6280
6455 2332
6457 7277
6458 9942
6463 8295
6464 7559
6465 7966
6467 4944
6467 9411
6469 4447
6470 3376
6473 8590
6475 2590
6482 1888
6486 7301
6490 8015
6491 2628
6498 3514
6499 622
6505 3346
6506 4182
6507 4375
6510 2653
6511 6938
6511 7472
6512 7578
6515 9733
6520 3970
6526 2716
6526 8856
6527 447
6527 9192
6531 9331
6534 9958
6537 249
6538 2501
6543 2567
6545 2617
6545 5595
6546 3331
6546 3662
6548 32
6550 4288
6552 5193
6553 5454
6556 7423
6565 9629
6569 7858
6572 3339
6573 472
6574 9143
6578 1833
6579 4264
6579 7751
6582 4759
6586 6576
6587 3827
6588 6327
6589 3736
6591 4788
6601 9595
6603 9709
6604 4948
6604 9247
6606 5624
6607 8354
6608 7940
6610 4738
6610 6379
6613 6704
6613 8733
6620 6966
6621 4958
6621 5787
6622 7276
6629 1631
6629 5245
6630 7262
6633 1214
6634 3294
6641 6788
6646 1586
6649 1884
6656 6465
6657 4411
6658 3908
6662 4739
6664 1362
6666 266
6673 800
6676 1818
6676 7056
6677 8649
6679 895
6682 53
6682 8676
6683 2147
6684 291
6684 442
6686 5967
6689 6418
6689 8010
6690 9683
6691 7551
6692 7180
6697 4542
6700 2904
6700 7714
6700 8557
6702 3779
6703 6229
6704 4828
6706 7719
6707 1868
6709 3291
6709 3370
6712 6301
6718 8175
6718 9456
6721 4473
6721 5164
6722 1298
6724 6980
6727 2088
6728 1823
6728 2574
6728 8766
6729 9254
6736 2065
6737 367
6738 3813
6743 671
6743 7965
6743 8969
6746 530
6751 4976
6751 5160
6752 4061
6753 8239
6755 2973
6757 4656
6759 3639
6761 8839
6764 4825
6770 7020
6772 893
6774 2958
6779 732
6779 1030
6781 6595
6781 6730
6783 6720
6784 9713
6785 2032
6786 4950
6787 1606
6789 4536
6798 2850
6799 1637
6799 4239
6800 8903
6803 2024
6803 6783
6806 6974
6808 1364
6809 5110
6810 3974
6810 9449
6813 1657
6813 7852
6816 8430
6817 5630
6818 9443
6819 7025
6819 8931
6827 5767
6830 8046
6831 4072
6831 4167
6832 2658
6832 3283
6837 6253
6843 3801
6847 3128
6848 7760
6849 190
6850 8354
6855 3640
6856 4367
6866 9637
6867 7344
6869 8424
6872 8325
6877 7633
6882 6554
6883 271
6898 9130
6899 1304
6899 6703
6902 157
6902 2232
6902 3260
6903 2957
6905 7420
6906 8589
6910 1598
6910 3291
6912 520
6914 2039
6915 1921
6917 8193
6917 9620
6919 9317
6921 8481
6923 4060
6928 1893
6928 3396
6928 4823
6928 6427
6929 5503
6933 27
6933 2874
6933 6543
6939 9454
6946 8692
6950 3240
6952 8696
6952 8890
6954 4809
6955 1352
6955 7830
6957 2332
6960 7790
6965 8858
6966 2800
6970 3597
6970 7564
6971 755
6971 5995
6977 1025
6978 3382
6978 3759
6978 5986
6984 9397
6986 4216
6988 3419
6990 647
6993 1654
6993 5922
6996 6079
6997 2657
7000 1180
7003 6433
7004 3684
7005 711
7007 9600
7008 7961
7009 8375
7009 9341
7020 852
7021 2488
7021 5642
7024 9273
7025 194
7027 5329
7029 3641
7032 355
7033 9335
7034 4292
7034 5071
7034 8683
7035 2202
7035 3434
7035 6675
7035 6747
7042 1488
7042 5524
7042 7837
7046 2362
7046 8902
7048 9570
7052 3001
7053 9423
7053 9831
7061 1838
7066 787
7069 4358
7076 713
7077 6688
7082 2213
7082 6595
7082 7605
7083 703
7086 6610
7087 4967
7087 5636
7091 218
7092 1152
7093 383
7093 2219
7095 3965
7095 4066
7099 1922
7101 3822
7106 2763
7109 390
7109 3152
7111 3750
7111 4560
7112 8547
7116 7948
7120 8407
7121 3883
7123 6078
7124 1640
7124 5745
7125 2208
7125 4438
7129 1388
7130 1615
7130 4431
7130 7800
7131 3357
7131 7458
7132 8739
7133 1781
7134 273
7134 3173
7135 9787
7138 3795
7139 6136
7140 80
7140 2015
7142 4184
7144 3636
7147 1472
7148 7542
7150 8183
7151 8941
7153 6309
7154 2581
7155 5388
7160 3261
7162 290
7163 8421
7169 941
7170 7174
7171 2788
7171 7312
7172 3343
7172 4398
7173 5157
7174 4854
7174 7473
7175 725
7178 7858
7179 3194
7180 1071
7182 1198
7184 5935
7184 6326
7185 3345
7188 4376
7189 198
7189 9731
7191 195
7193 9119
7196 3193
7197 6899
7203 7854
7204 1926
7217 6320
7219 4142
7219 4310
7219 6148
7220 4815
7220 6314
7221 9280
7222 2312
7223 5877
7228 3127
7231 483
7234 582
7235 9480
7239 2203
7242 2411
7242 5179
7242 8448
7244 5647
7246 4936
7247 7411
7252 408
7252 9086
7253 2887
7253 9033
7254 4432
7255 8502
7258 6279
7259 3955
7261 1277
7264 3113
7266 2391
7267 9514
7271 4504
7271 6833
7272 6449
7277 5188
7280 3415
7283 849
7289 7083
7289 9564
7290 29
7292 2284
7294 8510
7295 4490
7300 2881
7301 2107
7304 8433
7304 9691
7306 6479
7308 4975
7308 6449
7308 8776
7310 8546
7311 2890
7313 3579
7318 415
7319 6991
7321 1011
7323 2926
7327 98
7329 9332
7330 3571
7334 1090
7337 1785
7337 3626
7338 5787
7339 9262
7340 445
7343 6711
7345 869
7346 4343
7346 6449
7347 933
7353 7327
7357 795
7357 4310
7360 4675
7362 1971
7362 5009
7363 4665
7364 7642
7365 2571
7366 2416
7367 1438
7369 4562
7372 4603
7374 3879
7374 5443
7375 6529
7376 5346
7377 1574
7377 8212
7380 5231
7381 7641
7382 4316
7383 2515
7383 6749
7384 2232
7385 7328
7386 1980
7387 5358
7387 7259
7388 324
7390 1245
7391 2543
7393 757
7393 1130
7393 5757
7394 3261
7396 4616
7397 7108
7397 8982
7398 917
7398 1987
7399 4851
7400 3543
7404 2654
7404 4429
7405 3508
7405 6559
7407 664
7407 4854
7409 5880
7412 5289
7414 5987
7415 4931
7416 7970
7419 8765
7422 8108
7423 5903
7425 5464
7425 9405
7427 4169
7433 8267
7434 3943
7435 3596
7438 8094
7438 8831
7443 369
7444 7227
7446 3137
7453 9092
7454 1574
7455 4896
7457 8278
7459 9150
7462 1813
7467 3003
7468 282
7468 6652
7471 2662
7476 3607
7476 6645
7476 9208
7477 499
7477 3203
7478 2204
7479 540
7479 5517
7479 5935
7482 2387
7486 4866
7486 8160
7488 3646
7489 3888
7490 3252
7492 5940
7496 6201
7499 1789
7500 8740
7503 9482
7510 3263
7511 5765
7511 6270
7514 5296
7515 3084
7516 2396
7517 2011
7519 6841
7520 4436
7521 5477
7524 8897
7528 7357
7529 174
7529 1306
7529 7115
7531 4533
7532 366
7532 2258
7532 5927
7533 4945
7535 8364
7538 5910
7540 4278
7542 9286
7546 3729
7557 7343
7565 2630
7565 7160
7579 5927
7580 154
7581 289
7584 3046
7584 6553
7587 1138
7588 7113
7594 37
7595 5315
7597 8143
7604 6766
7605 735
7607 1422
7608 1834
7610 3796
7613 4985
7614 5988
7615 120
7619 1249
7619 9064
7621 5509
7621 5576
7622 1724
7624 393
7626 9137
7628 4951
7630 9313
7632 4636
7633 1609
7635 1582
7635 6997
7638 786
7638 2407
7640 410
7643 5741
7645 825
7645 6766
7646 4131
7648 580
7649 4616
7651 8201
7653 246
7653 5067
7653 6700
7655 4489
7657 2905
7657 4368
7661 7622
7663 4953
7665 864
7665 9547
7666 8035
7667 5322
7670 9164
7675 3168
7676 5920
7678 8911
7678 9179
7680 2773
7683 1815
7683 2411
7686 4811
7688 1674
7690 1169
7691 6676
7691 7056
7694 3175
7696 4629
7698 1554
7699 9344
7700 2237
7700 6741
7700 8363
7702 8426
7703 5104
7704 2356
7705 6040
7705 9505
7714 1719
7717 3543
7718 2961
7719 513
7719 1852
7721 1445
7722 3442
7722 8951
7729 1884
7730 911
7734 1368
7734 4035
7734 8461
7738 6029
7741 2183
7741 8050
7745 4171
7746 3170
7747 624
7755 908
7756 6802
7761 1094
7761 4079
7766 3571
7768 5628
7770 4378
7771 5681
7773 3641
7773 6481
7775 9861
7776 5658
7776 8468
7780 3554
7783 9611
7784 3396
7785 5216
7786 474
7786 3957
7790 4923
7790 6717
7794 4846
7796 7936
7798 9500
7799 483
7799 4904
7804 9392
7805 6187
7806 6815
7806 9668
7808 1974
7808 5561
7811 2264
7813 8834
7815 5003
7815 6415
7815 7824
7818 8982
7819 2877
7822 3613
7824 2280
7824 4463
7828 1892
7833 2826
7835 7214
7836 7866
7840 5047
7842 6182
7843 9931
7846 5566
7853 1123
7853 8929
7856 1321
7856 5806
7857 3657
7857 9358
7858 4002
7861 47
7863 8059
7866 31
7868 597
7868 7565
7869 6658
7869 9047
7871 7916
7873 7838
7875 9205
7877 1622
7878 9868
7881 371
7886 4713
7889 4360
7890 6471
7891 1627
7892 9843
7893 4338
7895 7239
7897 5165
7898 2827
7898 6191
7898 6996
7901 9229
7904 2110
7912 945
7913 8804
7915 1590
7917 4652
7920 6170
7922 7268
7923 471
7925 6459
7931 3720
7933 7822
7936 4930
7937 7234
7943 9183
7945 9526
7947 308
7950 3639
7953 7138
7959 2972
7961 5345
7963 223
7964 9826
7965 9869
7968 232
7968 7507
7969 8054
7969 8456
7973 4182
7978 3937
7978 5572
7979 5763
7979 9083
7981 2665
7981 4854
7984 3824
7985 9639
7986 970
7990 8197
7990 9707
7991 7669
7991 9025
7992 5380
7994 4545
7994 7153
7996 6375
7996 9035
7999 3698
8002 8812
8004 2550
8004 9380
8007 1062
8008 9497
8015 1092
8016 4448
8019 6738
8020 4327
8024 139
8024 1767
8024 5297
8026 6661
8028 2449
8031 4521
8036 4023
8041 1919
8041 7194
8044 859
8046 4903
8047 6158
8048 6254
8051 8557
8052 5529
8054 2260
8054 4524
8056 4213
8058 3322
8059 4096
8059 8369
8066 2517
8070 9289
8073 5196
8078 9119
8080 3738
8080 5853
8081 1869
8081 8954
8082 4047
8083 9421
8084 9097
8092 684
8093 895
8094 2591
8096 3020
8096 9165
8097 8598
8099 8111
8101 571
8103 2881
8104 1795
8106 2324
8107 8839
8108 9539
8109 93
8114 62
8114 3959
8115 8904
8117 7979
8117 8545
8119 9317
8119 9761
8121 3575
8121 7129
8123 1773
8124 3168
8125 2282
8127 6076
8128 8819
8129 7701
8129 9174
8130 6015
8132 2811
8132 9144
8137 1990
8139 3731
8140 2946
8144 1552
8144 4114
8146 3460
8151 1941
8153 1278
8154 2207
8160 6507
8164 2921
8164 5066
8164 7815
8165 7902
8168 1873
8181 6415
8182 2469
8189 3319
8189 8559
8190 1035
8193 5068
8194 4772
8196 1733
8197 3031
8198 4154
8204 4311
8207 6079
8207 6320
8208 8696
8209 7005
8209 8075
8210 4045
8217 5233
8218 8217
8218 8471
8220 7719
8221 2663
8221 5765
8224 7345
8227 1625
8227 5987
8229 6839
8235 1123
8235 8570
8236 3687
8242 384
8244 2161
8246 3743
8248 9492
8258 5673
8259 8720
8267 8885
8268 361
8270 1577
8270 9499
8274 713
8278 902
8279 8971
8279 9626
8281 817
8282 6972
8295 3301
8301 2223
8302 1827
8302 6874
8305 2131
8307 2507
8309 9845
8313 6711
8314 5433
8318 1705
8320 1494
8320 2016
8321 5628
8322 9337
8323 3822
8324 4983
8325 1174
8327 6350
8329 6961
8329 8327
8331 3415
8333 7154
8333 8429
8334 4723
8335 8940
8336 1135
8341 1261
8344 320
8346 3127
8346 6216
8347 2736
8351 9192
8352 948
8352 1569
8358 5195
8362 6618
8363 4085
8364 6235
8366 228
8366 1377
8371 9458
8372 3611
8372 6667
8372 7941
8373 5411
8374 6250
8375 3998
8376 291
8377 6455
8378 1497
8378 3974
8381 6055
8383 7567
8384 752
8386 6486
8388 1009
8390 9916
8391 829
8395 5820
8397 2290
8397 4421
8399 3756
8402 5405
8402 8235
8403 2527
8407 2483
8407 2912
8412 6256
8415 3598
8421 1200
8424 7457
8425 3674
8426 2189
8426 4010
8428 9360
8432 267
8437 4494
8440 666
8446 2114
8446 5816
8454 4956
8455 1146
8459 1816
8460 6084
8461 892
8461 1877
8461 2491
8461 5175
8462 9497
8463 1252
8467 7617
8472 9216
8474 2483
8475 7851
8476 7476
8477 5459
8478 3597
8478 7920
8487 572
8487 820
8494 3976
8495 2779
8497 1874
8500 821
8504 2318
8506 8319
8506 9815
8516 2837
8516 5755
8520 2999
8520 8148
8520 8748
8523 3559
8523 4681
8523 5946
8525 3222
8528 4408
8532 1360
8535 6007
8537 1400
8537 5589
8543 8836
8548 469
8548 6546
8549 7067
8551 5631
8551 6431
8553 3058
8558 5193
8560 6043
8560 7753
8562 3835
8563 3848
8565 2135
8566 3142
8568 1265
8568 5219
8571 6808
8572 2510
8572 6610
8573 1722
8580 5022
8580 5877
8582 8397
8582 9855
8583 3068
8584 946
8586 5530
8586 7310
8589 2828
8595 4546
8595 6263
8602 491
8608 339
8610 4594
8610 8357
8615 7501
8616 3054
8620 6101
8624 2679
8627 5338
8629 5126
8633 7684
8635 1521
8635 4445
8635 5741
8642 4768
8645 4896
8648 9027
8651 5784
8656 4679
8656 9642
8658 6666
8659 6912
8661 4696
8663 2758
8666 1112
8667 2594
8667 8856
8668 5328
8669 2520
8672 1804
8676 9896
8678 61
8678 1449
8680 42
8681 7594
8683 7950
8689 2747
8690 6407
8696 716
8699 1239
8699 4441
8699 5000
8700 4732
8702 6481
8707 1184
8708 713
8709 4170
8710 6502
8714 7965
8715 9968
8717 1286
8717 8557
8717 8961
8719 7283
8722 7480
8724 3884
8724 6707
8724 8945
8726 453
8726 1150
8732 1055
8734 2073
8734 5709
8735 2747
8735 7477
8738 9251
8742 2867
8743 1
8743 8136
8745 8435
8747 433
8747 3239
8748 5966
8751 7351
8756 5123
8756 6610
8756 8711
8757 6011
8759 7782
8760 8919
8761 444
8761 4784
8762 7982
8763 3460
8763 7457
8767 8900
8770 739
8772 7963
8772 9302
8773 2553
8776 2356
8779 2767
8779 7411
8783 8450
8786 3128
8786 4176
8788 5829
8792 3846
8793 7763
8798 2490
8798 4970
8802 867
8802 3452
8802 3768
8802 9242
8803 1208
8806 1431
8806 2205
8806 5432
8807 3401
8807 9972
8808 2200
8811 2899
8815 4151
8816 8421
8820 3565
8823 569
8826 7879
8826 9734
8828 8146
8833 583
8834 49
8834 8351
8836 5138
8837 639
8838 651
8838 8151
8839 6805
8840 2603
8841 8717
8843 6039
8845 1000
8846 9146
8847 8194
8848 4430
8851 363
8852 4362
8853 1638
8854 5142
8855 9419
8856 2573
8860 8628
8861 7024
8864 339
8869 8917
8874 1992
8875 5553
8878 950
8880 5937
8883 100
8886 8535
8894 8326
8895 3048
8897 4078
8897 5556
8901 6359
8901 7257
8906 9798
8910 192
8915 7198
8919 4310
8920 2370
8920 4689
8920 5994
8922 182
8922 4975
8923 8701
8925 7015
8929 5874
8929 6494
8937 5829
8939 3433
8942 9762
8944 5882
8945 5990
8947 8584
8949 2899
8950 1279
8950 7855
8964 486
8965 2768
8966 2819
8967 1127
8968 239
8968 7800
8978 3981
8979 1326
8979 9855
8980 5980
8985 5292
8991 2779
8992 286
8994 2384
8994 3806
8995 9091
8999 2603
9001 6868
9005 350
9005 4422
9009 249
9011 2227
9013 6779
9013 8323
9015 2018
9015 8025
9016 129
9016 5571
9017 3128
9018 4870
9021 1027
9023 502
9028 7896
9030 1705
9030 4231
9033 2414
9033 3238
9035 5995
9037 1497
9041 8689
9042 9212
9044 2188
9044 5141
9045 2586
9047 3529
9054 925
9056 6514
9058 2640
9061 5857
9062 1429
9064 1669
9065 2694
9068 3985
9070 3559
9073 7851
9074 1443
9082 4362
9085 6466
9090 3626
9090 5426
9090 6183
9093 8367
9104 6049
9105 2660
9105 2761
9105 8315
9106 6365
9106 8137
9110 9230
9112 8777
9118 1367
9119 8140
9121 7436
9123 7041
9124 6919
9124 9142
9125 7463
9127 6468
9128 8260
9131 9505
9133 5229
9136 9567
9137 1804
9145 5396
9147 4504
9147 6133
9148 1303
9149 9601
9150 5285
9152 5088
9153 7288
9157 873
9159 3548
9161 8669
9166 1339
9167 8359
9180 1486
9180 8021
9181 5149
9182 3666
9182 4224
9184 3606
9186 2627
9186 7107
9193 3398
9194 2604
9195 4836
9197 160
9198 317
9200 8981
9202 3583
9205 3352
9207 2847
9208 6368
9210 8281
9214 5057
9218 2301
9222 5132
9222 6377
9222 8393
9224 7507
9225 5296
9231 4593
9232 8608
9233 4375
9237 9405
9238 5138
9238 5151
9238 6055
9238 8030
9238 8918
9239 414
9241 3311
9241 3857
9241 8843
9243 6459
9246 7576
9249 5694
9250 1999
9252 6431
9252 9896
9254 349
9254 5057
9254 8312
9257 7142
9258 6282
9261 1924
9262 874
9272 3791
9275 1773
9277 9520
9279 627
9281 8212
9283 2372
9284 4351
9284 6629
9287 1492
9294 8240
9298 728
9299 2178
9300 2166
9302 7518
9303 3337
9303 7941
9304 8392
9306 8101
9307 259
9307 5060
9308 6460
9310 3001
9312 1047
9312 1468
9312 2038
9313 4259
9314 3916
9314 9902
9316 1456
9316 3722
9316 9953
9324 9311
9326 2809
9327 947
9328 5360
9331 3185
9331 4246
9332 6466
9333 8275
9339 4824
9339 9260
9340 5199
9343 5454
9343 7829
9344 7067
9345 5466
9345 7306
9357 6713
9357 8872
9362 2018
9363 333
9363 5433
9363 6705
9364 6269
9366 7581
9366 8721
9368 3919
9371 4684
9373 8814
9374 9291
9375 7647
9380 2208
9380 9707
9381 8469
9383 642
9390 5347
9391 7647
9393 2691
9396 1102
9397 2617
9397 4041
9398 1993
9400 3357
9401 4191
9402 9981
9404 5952
9405 9443
9407 2301
9407 6222
9409 7578
9410 2954
9410 3628
9414 6401
9419 2405
9423 1116
9423 2083
9430 7046
9431 4952
9434 6392
9436 3341
9439 8528
9441 7248
9442 3638
9443 3512
9444 3994
9444 7948
9445 9046
9447 7446
9448 3145
9448 8760
9449 9516
9451 1887
9453 87
9456 4942
9457 3272
9457 8526
9459 7253
9460 6537
9461 5055
9461 8845
9462 7297
9463 2619
9468 8553
9472 4431
9473 6583
9475 9283
9476 725
9476 2907
9478 6552
9479 1614
9480 4389
9481 6119
9483 8151
9485 1857
9486 9142
9493 844
9496 3351
9496 9070
9499 4345
9503 3139
9503 4160
9504 2803
9504 4780
9505 7756
9508 3595
9510 1040
9511 2247
9512 3257
9518 7454
9520 6982
9528 4026
9529 2
9530 8702
9533 4012
9533 5759
9535 2456
9535 3947
9538 818
9539 923
9543 386
9544 6376
9544 9022
9545 2008
9548 1056
9549 3934
9550 2767
9550 7123
9553 4630
9554 2201
9563 4073
9565 255
9568 7214
9568 9652
9569 4867
9569 4895
9569 9200
9569 9592
9570 3918
9570 5313
9572 737
9574 1811
9574 9342
9587 2542
9589 3439
9589 7422
9590 5280
9590 9914
9591 6935
9597 2608
9599 740
9599 3741
9601 542
9606 5551
9607 7131
9608 4515
9609 5824
9611 6672
9611 8741
9611 9460
9612 5542
9613 4143
9613 5041
9613 7007
9619 4058
9620 9925
9621 216
9621 2936
9621 7956
9623 9193
9625 2434
9626 8379
9629 4818
9631 9973
9633 283
9633 3003
9634 5464
9634 6592
9635 219
9635 9937
9638 3736
9639 9283
9643 2290
9643 5585
9644 9741
9645 5600
9646 846
9646 2958
9646 8314
9647 5209
9648 8633
9650 3878
9651 4138
9653 9284
9654 4983
9654 9355
9655 9801
9658 1730
9660 7460
9661 4723
9661 8150
9663 2473
9666 6381
9672 3339
9676 7410
9682 2529
9684 2704
9685 7267
9690 1380
9691 593
9693 5137
9695 7092
9697 4949
9698 214
9703 2445
9703 8850
9704 364
9704 9432
9705 9530
9708 8608
9717 3461
9717 7065
9718 6879
9721 7668
9730 284
9730 1002
9731 4180
9731 4234
9735 298
9736 336
9736 5082
9737 8560
9738 9008
9739 413
9739 2753
9740 4367
9742 5374
9743 1837
9744 8911
9746 2227
9746 6968
9751 1887
9755 5726
9757 8444
9757 9721
9759 4804
9762 4715
9764 3232
9766 9454
9771 5837
9771 7420
9772 183
9772 8637
9775 1219
9776 5667
9779 2779
9780 4307
9781 6492
9781 7032
9784 7450
9785 1470
9785 2884
9786 3047
9793 3256
9794 1242
9797 3787
9798 8379
9799 2261
9799 3298
9800 2324
9801 7290
9802 8100
9806 8536
9810 5270
9811 6903
9815 1094
9815 6290
9816 2806
9822 2200
9824 870
9826 1527
9826 5203
9827 4047
9831 1288
9834 1971
9835 3202
9838 3562
9838 3923
9838 7677
9840 2715
9840 5360
9840 9466
9843 1987
9843 2109
9843 6853
9844 6509
9845 552
9845 2933
9845 5898
9849 1316
9850 3927
9855 4360
9856 9727
9860 40
9863 5801
9865 8099
9868 718
9874 103
9874 5018
9875 9174
9877 5283
9879 2807
9879 9769
9880 469
9881 2812
9886 1968
9889 430
9889 7233
9890 7941
9891 7792
9897 5909
9903 6100
9904 4725
9906 1034
9906 1970
9906 6534
9907 2729
9907 2997
9911 9753
9913 1672
9916 459
9917 2741
9917 5230
9918 2508
9920 9175
9921 742
9921 3835
9922 1072
9922 2489
9922 3715
9923 3238
9925 2155
9926 297
9926 3717
9930 8734
9935 5482
9935 8319
9935 8897
9939 4405
9940 3549
9941 821
9945 2572
9945 9117
9948 6730
9948 7926
9953 2369
9955 9695
9957 4862
9962 2800
9963 9709
9965 5820
9966 8275
9971 3622
9972 2315
9977 4261
9977 7718
9978 6191
9982 1517
9982 4728
9986 8562
9989 1249
9990 8359
9992 870
10000 8450
