1000 93
23 31
25 479
25 612
37 516
39 126
44 563
71 763
72 797
84 457
91 484
114 144
140 270
140 962
151 116
156 940
157 941
160 701
171 688
172 584
216 409
222 64
240 742
244 899
261 681
277 857
284 220
284 329
287 519
294 335
321 957
332 609
343 875
370 322
381 443
383 642
434 31
451 639
493 51
504 273
516 415
523 2
526 973
530 39
534 942
541 726
548 433
548 830
560 3
560 700
561 344
576 562
586 300
586 389
597 427
600 365
612 905
617 446
623 553
625 212
626 770
634 483
635 335
639 225
640 920
653 239
687 737
700 441
705 745
713 53
713 719
714 230
714 625
715 144
729 891
738 96
769 542
771 987
794 903
839 386
841 861
852 789
872 907
886 860
897 276
922 253
925 88
945 926
955 694
966 922
969 710
985 874
990 589
997 547
