1000 477
717 569
428 717
671 428
868 717
369 428
84 428
911 60
772 45
347 408
538 73
765 60
231 60
111 364
116 195
263 911
930 671
430 930
940 946
69 369
764 69
221 963
259 963
171 472
455 111
42 259
150 406
351 472
409 150
417 402
488 560
842 717
919 260
552 626
915 803
390 260
232 58
779 963
19 488
889 409
415 243
229 784
927 45
97 818
182 58
216 150
635 446
873 259
479 458
576 927
903 108
760 111
14 428
318 347
534 977
266 182
161 45
616 116
179 342
349 364
711 324
424 569
978 430
258 216
852 488
843 181
218 894
769 14
859 73
305 171
333 409
629 60
598 570
290 229
281 150
738 150
450 73
948 14
906 903
156 769
954 60
912 977
321 259
438 257
969 534
804 840
314 182
956 259
121 969
384 14
786 232
449 342
775 458
416 330
926 717
841 569
791 195
693 450
676 759
544 53
639 232
625 618
249 903
695 73
713 596
77 260
336 903
277 711
337 868
634 186
998 168
540 173
4 465
815 218
401 173
93 841
527 289
556 396
888 258
158 453
434 789
623 693
88 45
486 173
132 842
16 231
278 827
272 769
344 347
362 940
273 455
460 349
105 752
59 811
619 301
473 553
346 898
690 212
90 58
766 362
621 330
750 347
421 569
501 775
490 738
886 158
169 576
823 978
869 885
27 463
21 789
774 629
361 928
382 195
962 479
433 912
223 626
736 249
348 898
495 342
28 886
955 774
675 321
280 278
372 766
519 404
735 440
313 713
476 290
65 912
431 208
375 748
508 738
120 100
782 335
603 569
993 73
353 402
48 930
7 946
768 18
160 463
268 495
767 417
134 198
462 851
310 675
327 476
357 273
515 336
319 372
197 382
866 818
972 591
254 941
601 977
89 160
953 420
274 675
763 43
496 361
879 811
210 301
645 351
951 953
864 515
236 946
904 977
435 463
808 591
918 156
685 768
669 972
239 222
141 818
550 685
694 212
721 195
70 723
709 545
275 342
882 486
477 97
148 775
191 669
385 792
536 382
799 346
997 173
865 327
2 927
10 402
714 702
418 954
523 675
26 287
574 697
897 324
936 752
159 488
663 80
293 588
331 512
481 827
24 591
1000 286
692 149
678 919
976 512
644 136
311 281
378 748
405 519
187 432
178 341
957 604
945 506
387 759
610 434
630 690
350 237
756 40
668 571
900 278
581 337
584 676
228 841
125 55
234 243
288 462
667 507
245 675
292 280
987 221
142 398
226 252
583 900
636 735
233 312
514 639
247 557
489 222
131 817
617 927
358 179
921 663
380 278
139 534
856 287
593 700
185 907
732 24
211 361
730 22
315 822
984 210
504 713
17 694
99 782
371 191
410 852
612 756
622 865
255 81
579 882
753 368
712 219
128 278
251 626
796 55
539 498
837 524
595 204
267 878
437 123
427 806
146 648
728 146
403 527
388 330
325 403
687 829
145 569
72 908
345 483
130 885
529 863
322 711
491 401
200 623
720 558
207 397
34 955
76 420
991 200
37 289
578 374
296 371
981 941
620 358
126 531
771 359
933 561
297 919
698 666
151 207
944 132
628 349
543 84
294 279
613 517
521 684
164 536
996 286
493 70
140 662
727 603
813 565
577 913
339 543
309 318
849 484
555 351
665 359
862 5
461 679
38 708
119 346
41 844
67 131
155 861
747 750
86 271
654 211
661 135
497 436
745 284
393 861
834 305
253 858
503 886
983 318
395 769
992 685
470 710
627 344
758 499
419 710
755 643
742 185
394 254
674 136
609 963
295 181
240 643
580 887
901 930
707 944
807 30
264 352
751 760
726 480
548 911
905 822
248 331
990 726
839 567
203 123
641 177
429 85
783 824
847 9
220 904
611 12
520 754
937 387
303 598
959 997
701 883
118 782
563 34
439 914
52 436
261 773
122 622
68 728
376 265
922 741
793 438
638 81
938 992
256 35
943 490
513 101
677 320
892 630
731 906
810 204
658 602
442 267
836 516
201 142
167 221
891 14
95 102
704 233
363 716
104 606
133 905
749 763
564 127
785 557
54 623
880 498
174 716
3 827
979 971
91 700
112 721
551 639
607 717
590 534
657 620
33 746
961 538
241 486
213 81
995 975
838 259
66 137
655 277
573 370
454 72
703 654
78 919
482 621
487 572
923 29
