10000 4986
4379 3545
2749 6401
7243 3545
4846 7243
6753 3089
129 6401
4340 7243
7192 7336
1945 7336
3136 4846
7013 3089
8477 6753
2546 1945
9255 9806
1403 2749
5640 9806
1238 6203
8315 9743
2748 6401
2767 3089
4160 7243
2180 4846
3608 2748
153 8315
843 6401
425 1238
7760 5640
9982 7760
512 7336
3953 2749
3330 7192
5 1642
14 6753
5598 1355
3310 7403
4324 6753
2978 5598
522 9806
9742 153
9114 129
7621 2652
5442 6439
4623 153
4971 3964
4802 8959
2436 3964
4547 3172
6034 9607
7073 3089
4078 5598
7452 7073
1977 6878
3313 9982
4064 2761
9992 5640
4332 6753
2372 129
8002 16
6551 14
8988 9742
7782 8002
7194 3984
597 8002
9735 4324
8943 9607
6637 4064
8049 7192
6301 843
8537 4332
4933 2767
6651 512
9192 3313
1883 4836
1002 3377
4709 9743
663 14
1583 9878
1613 4379
8713 2180
2338 1002
4062 4064
3781 8959
1571 6301
6149 7452
1092 7189
4651 6301
9027 5640
3230 6203
7002 4651
9688 663
8579 3546
5722 8713
6455 7012
6914 448
2134 7314
9395 4025
4568 9255
9271 5640
7707 9928
9402 9395
9696 3964
7796 6149
3886 2761
1972 6796
6629 6732
2275 4078
4705 129
9222 5637
5956 7695
3564 4842
7636 9992
9087 6403
5581 3886
1962 4064
6195 522
50 9952
5475 1238
8481 1403
1402 3336
3917 9742
6406 2749
2648 3939
1321 5961
6982 2992
668 4434
6110 6950
1607 8988
2653 7698
8374 1876
1956 9402
2806 2654
6517 3946
521 1321
7104 4078
1522 1403
4838 50
7222 3029
8006 5766
1173 14
3883 4799
3607 4547
349 2761
9549 6815
9234 8315
2467 6439
1718 1321
9856 4078
4832 6796
3264 6301
8589 3377
2303 1977
8735 8115
5763 4623
7139 2247
8285 3383
5781 3984
1637 4832
5390 1962
4898 3136
6825 2372
5709 6195
6115 5286
1233 5581
6288 9255
3058 8373
9249 2653
4999 3230
2889 16
2650 9395
7143 4078
1077 6732
4328 425
6279 6149
6287 4623
6941 4332
4019 4078
4240 372
1881 2247
2746 6079
8961 5722
7614 4328
1427 3743
291 1607
5498 448
433 6950
5293 3758
7168 6401
3454 3029
3822 9088
6689 7959
6143 5568
5308 1667
5537 7758
551 988
9589 663
8816 2546
8759 3964
3648 8722
8559 6143
9385 4120
9519 9234
4910 91
2509 7260
2950 557
650 3089
3513 8049
9197 7760
6020 7260
5129 9549
3815 3953
1595 4756
2106 1522
4396 650
4535 6441
167 7104
5180 6732
670 2021
1216 8189
9409 6149
3634 3618
4940 8373
1618 2436
9410 6448
2803 9995
7170 4789
7218 2338
9638 2236
8206 3237
868 2104
1467 7222
3326 1977
8911 522
8775 6401
7438 1482
8160 8959
3544 372
2657 4125
672 8285
3355 4846
733 122
1330 5892
9508 2978
2388 551
1760 6599
7809 7053
8065 6238
6746 6982
5729 2954
1886 4062
7966 5722
1270 6185
3523 2978
2112 1112
4783 8396
2915 3743
6120 240
6643 6104
5324 2915
5391 5324
8794 4088
2656 1977
4653 9020
1969 4651
7211 2889
903 4749
7597 7189
7391 1642
6603 3964
7605 5498
8819 9549
3610 733
6361 8654
1062 4379
8025 1613
8704 3506
2511 6455
1060 8843
2466 4015
1162 7222
7486 3801
3015 733
4021 2978
628 4088
4009 6599
6839 6629
9077 5763
4305 2749
7316 7614
8802 6227
6634 4971
4293 3015
794 7605
3204 372
5236 4832
4819 8332
3137 2045
6669 1077
5203 3608
7419 1972
5880 7168
4592 372
4372 3456
9365 6120
7275 9743
8143 6361
127 2338
7210 5123
4618 8579
697 372
5422 8189
4698 9077
1645 4688
7375 1607
5510 3612
8055 7796
9142 37
9650 1571
8808 2338
7559 8713
8072 4940
6958 6473
302 6629
1767 2294
9116 6548
619 3413
4133 8794
6350 5486
6178 8988
7941 4217
1534 93
1171 1238
3839 2970
6841 3136
7120 9197
863 8072
4162 6517
9572 3543
9590 4020
4621 3607
9078 5891
4354 8231
2526 4748
5533 1881
9888 387
6371 8278
9146 4824
6413 3564
7178 3917
4450 9395
6622 19
8170 7143
4704 8797
2186 7727
3973 9571
5334 6081
4579 1077
8197 3355
3393 2475
2375 1969
5804 1895
8261 657
5577 7145
1987 8816
6590 4196
6155 7980
5437 3871
5896 2021
4398 8400
6326 8654
3025 522
323 5993
6042 6473
8599 3330
3261 8943
6513 2546
4965 863
8807 6138
4614 6279
7609 8748
1499 2803
5523 8820
6604 1534
504 3988
3576 918
8795 8559
3983 1343
178 4688
5728 4305
6421 4677
4042 2749
6966 2526
9981 8124
8641 6448
9623 2674
6180 1534
376 3029
7020 27
1046 4080
741 2421
3045 2970
3629 9249
6730 3983
7244 741
4268 1173
5622 6825
3159 7670
1241 9696
1795 4999
4552 3122
4597 8198
7142 7758
7521 642
54 2106
5161 7139
42 3801
5130 3619
2633 2021
8755 1987
7533 3760
9782 4789
502 1470
614 1634
7292 8731
4781 2236
5870 4044
1891 1595
6518 5129
8672 7170
4135 3025
59 4715
4182 1595
8893 376
172 8819
690 3235
5128 1208
998 7211
1375 5012
3721 690
8539 2466
1666 6594
3842 1969
1211 8943
8966 3029
7159 4802
3390 7314
4540 7142
7853 2490
9687 6634
772 8002
8998 1208
9947 7832
755 1930
5099 9549
3407 2478
5069 9053
933 6746
961 3137
4921 6288
7420 2639
5777 4789
892 3629
8930 5236
5474 9549
3515 3946
4716 410
1204 4177
2370 2652
1357 9222
7882 3612
1415 7760
3151 5892
937 2941
5685 1241
5003 2466
4491 7809
1445 6529
1090 4379
354 8809
3223 2734
5455 2639
3277 4698
7461 8794
7309 6599
6271 4704
4631 5577
9652 8206
7197 4120
123 433
908 3009
1961 9878
3130 1607
3121 4661
529 7211
2058 1995
3542 4078
4200 5166
6891 4965
7816 6165
8640 3758
7794 4456
6409 1868
6399 1978
3382 4961
946 2104
4437 1461
7563 2748
5548 8001
8742 7208
6704 94
2239 9349
2473 3490
6015 6115
7001 9623
6820 8794
6265 7894
2909 5455
6928 9543
3602 1618
7241 3883
7042 7143
9185 5286
3027 6399
8774 6473
5789 685
6632 619
4643 3988
7998 9543
141 6366
8446 7189
5814 9135
421 3953
4806 1895
5933 59
4229 6548
8126 6929
7062 8550
8790 4157
4415 6195
8872 1868
8276 2941
1423 3543
7895 7309
5655 1266
8800 7727
2190 2639
8311 3334
4206 918
6295 6441
7529 5804
7588 2302
2831 4351
5668 2950
6087 5933
6098 6599
5404 6288
2173 4272
9352 9365
9985 6805
1273 8893
778 4933
7538 3353
5097 9571
2540 4396
4912 6227
5118 8296
4952 3089
3750 127
8766 27
4203 1427
3809 6604
1005 7588
1109 7394
5639 3546
5136 8355
2155 4182
1103 5766
131 2450
5543 2134
8395 1607
6260 5568
3711 4535
3057 772
7052 4019
5771 2615
2208 7609
5063 4182
621 4217
4686 663
5602 2639
6311 2954
7432 2060
3989 1718
204 3326
7025 6678
6751 3989
4086 3237
3299 1314
5626 4332
2929 663
5357 4042
8626 7908
9580 3129
7070 657
8923 295
4920 3137
362 6901
4738 4725
1708 7192
9299 5822
2321 4842
6012 8890
8879 5129
6187 7695
1991 7047
6957 9027
5986 8808
535 7486
4244 3875
3864 2388
2365 2191
8367 6097
1508 4806
752 1931
7740 7208
6653 9995
5142 7208
2655 2656
817 2239
1269 129
8575 7267
1979 3815
3834 3983
9720 8489
7546 3824
745 8579
1 7379
6787 448
3844 619
6890 1806
9808 8355
4586 1930
8827 3953
1387 6678
2552 3824
7029 4651
7580 8654
152 1318
8597 1591
1719 3513
3687 4049
7642 5024
1079 9590
1278 8959
5511 2281
2116 3204
36 9385
9097 3380
2755 4020
6343 7499
7061 551
227 1427
7839 9299
7639 2650
3744 2748
5439 6279
9250 7116
2568 3634
7623 988
8 5474
3715 8193
5902 1455
2109 3407
11 1241
5995 4715
2284 6081
5232 8527
1684 9797
579 7316
7187 9553
9970 5041
8080 3592
6662 9395
3928 1251
6983 3084
9893 5031
6956 8374
4048 5232
7032 8051
64 6349
8946 4160
1313 6637
9320 966
4262 1313
1538 5684
1140 7614
7687 6421
6694 1284
4886 5523
5091 1103
7111 6643
2595 2526
4622 9114
8010 7452
6552 3459
6581 6513
6788 7187
5711 4305
9961 8537
9527 6075
3597 5486
3246 4015
8683 9395
3684 3326
8023 7013
5508 4912
7641 3652
8907 2038
1616 9888
414 1470
8295 6271
1460 1643
8248 3867
2956 6629
2316 8794
636 7029
5968 6014
7845 8735
7802 2694
2324 2970
5853 7234
4100 5833
56 9409
1676 9409
7840 64
5279 2655
4696 2180
2040 7623
2426 3824
717 908
5494 8376
710 7802
4486 7670
3139 6279
6236 7527
8096 4328
5862 7444
8944 4622
9915 8072
7334 502
6516 7027
1099 521
321 6343
5443 6197
1058 2170
4311 7002
77 3129
5108 2038
4383 3938
2531 8941
6661 5014
562 6590
4124 3711
494 6599
7963 4019
9016 9249
5593 9299
3847 1046
2642 9062
4382 4354
115 295
9191 7736
1228 2301
7907 9571
3757 8315
1363 5581
2865 1290
7380 6448
4811 3515
7935 3145
8420 9320
1477 2085
4972 3089
9300 1562
2314 8730
7830 3621
9314 8295
3589 6406
9671 3393
9209 5604
4313 6201
6477 3159
9430 3583
5341 4781
9556 3605
6071 3027
2488 8060
8804 2950
7543 8481
4946 488
9682 2943
7165 5208
3225 7244
4906 9087
1600 6634
4406 6104
5939 1818
4732 3621
4787 9300
9152 4227
5550 868
364 7420
7870 1112
9189 2303
552 86
6062 2490
5930 3911
8470 6757
2809 5308
4132 8944
942 50
3109 1818
4700 1140
8534 4048
5970 9878
5564 6867
1620 1538
978 6165
4325 7170
8091 4832
6225 4686
1981 6413
5288 5968
8403 6409
2070 9214
7520 8356
2432 3671
6105 4773
8825 4332
9296 6694
8451 5293
7691 3939
4931 6366
6610 2370
704 6439
6390 6197
1728 4688
4697 4406
9510 2889
5477 3176
1252 7578
3755 3313
2545 1863
3314 6515
7906 3222
3376 8089
4659 3407
209 6399
2704 4194
5545 5494
8639 6704
6574 1988
861 3614
7953 4182
6242 2436
1535 5091
7078 295
1468 5542
7751 6630
9931 770
163 5232
5022 6015
3410 4305
6780 8200
1552 5626
8918 1534
4257 2806
9008 8489
8452 398
8937 9185
8443 3973
5918 7816
6735 5203
1665 7527
5355 3610
2077 5833
7833 414
4989 8579
7041 2755
6765 8411
9886 1972
135 4383
9141 4062
9363 961
3731 8538
4645 3917
3516 9189
9496 3818
5299 2321
6808 5833
6393 4124
3495 4124
3493 3684
4954 3493
5701 3330
9392 3276
35 7698
4955 448
5944 8686
2799 5208
6405 4313
3873 1987
1389 7538
2902 4716
1807 4752
2962 618
8264 1708
3141 4157
6300 3314
8912 3917
1633 3099
5212 8443
2681 7211
3672 9824
6458 4450
6198 64
7257 3547
9804 8713
7226 7691
8201 579
9779 8373
185 227
7938 9142
7439 1470
8026 7507
229 2045
477 3413
7859 5791
4330 6661
4841 8091
8942 9395
7418 2656
1084 8662
8746 7104
9456 5846
3915 3393
4694 7530
525 2985
3643 1041
7542 8843
1042 135
406 9992
7587 4723
9836 4835
600 5728
4463 4217
3021 7816
9573 3619
6108 579
2350 152
7710 3150
5936 8666
2794 3193
5751 3871
4751 1977
8040 3684
5950 2109
3463 9122
3627 2112
9841 1879
9983 8254
1050 2070
8685 7568
4224 7882
940 1208
2835 4217
2115 421
1923 4597
4310 6529
1731 1807
1715 4952
3817 6260
8576 6437
351 76
4193 745
9175 8001
602 892
5703 1005
3705 3465
201 7636
3557 5391
4136 1357
7071 3809
5450 5669
7098 5601
7097 8026
7000 1977
6949 2792
5628 380
2906 8501
5612 5368
3742 8907
9048 8774
9810 7782
4707 4806
482 8077
1335 1858
3802 4836
5489 9356
3346 4955
2924 2273
5929 3731
8712 3027
4564 1676
749 4954
3963 76
5724 8626
8215 4078
3922 4985
87 4579
1512 6957
7927 2208
1551 5944
1185 6256
5358 8897
5850 64
6102 9483
1496 9553
4589 1435
8935 8276
3771 2296
320 4954
8724 5299
4613 376
5138 4614
2825 1989
7855 8477
5897 4078
7409 6150
5191 5537
5089 7000
1529 703
8336 3330
2577 2275
4798 8935
2198 3818
7585 8423
9698 4268
6004 6326
7949 7966
2828 3810
8664 4799
4461 6702
403 529
1397 7097
3831 1600
3345 8264
9903 2595
1011 302
3555 8
3306 7663
5606 9065
5503 817
5678 9520
1354 9985
9473 1092
5360 4155
8479 4332
7892 3306
1958 7117
7456 5443
7004 5772
4902 9250
8588 7529
9754 3175
6173 6279
7374 1529
1548 1011
1260 9100
9930 938
7924 6661
6907 7486
1975 2568
6021 3886
4658 1397
6209 7403
2354 1350
588 8735
9722 5858
2065 7016
840 3057
1814 1956
9748 9519
534 3029
9770 7078
3900 2526
5871 2761
7044 4413
925 6236
2807 8988
6822 4686
8989 919
5914 6957
9662 2040
2318 7949
1502 2751
5947 3597
39 8935
2028 4811
5663 5589
2959 6630
5820 5779
496 2190
8916 5607
8222 938
689 294
3086 3334
2869 6098
9245 6150
8153 4884
4524 5069
53 1135
5517 6914
4611 3146
7716 9687
2008 9770
5406 4498
2265 1731
4794 1943
9932 6343
1622 6401
7630 5622
5195 6651
8128 3246
6596 5892
8789 6713
7810 3495
2997 9878
4627 7399
3250 7966
3783 3544
9826 9671
4710 3758
3060 9048
7105 9735
3453 9100
1888 8731
1714 6909
4830 3888
5430 8789
7729 1865
5227 6765
246 2394
333 4524
9998 399
8996 6928
3317 3750
7556 5177
6037 8935
9837 7614
9040 7944
2431 114
6474 6594
160 8666
6162 3842
9261 8877
9371 9824
1584 1962
8572 6634
3930 9606
7700 6643
9218 3796
1784 7597
5520 5993
8582 1363
7112 6403
8397 5212
8508 8400
7415 4037
490 9027
5338 4372
7937 3376
5248 1887
6565 2370
7973 5685
616 477
3233 6799
2252 8597
9969 3217
7889 6014
6352 7770
9136 5177
7545 8679
514 9832
9099 7001
1889 6315
8965 9682
2543 2170
8062 6843
643 391
5887 7707
3248 5024
5096 9436
2894 5477
3628 6108
10000 11
9941 9214
6605 3321
4294 3555
4556 6287
2144 3757
3974 2236
1203 722
5530 4158
7134 8264
5688 4940
9012 9314
1593 692
5927 6788
288 7062
7322 1637
2905 6788
5806 9190
63 4019
1308 2761
1896 3334
317 50
9518 4846
3006 9809
7397 3895
2032 2662
1381 7394
4115 1389
9621 5517
9105 5192
8173 3592
9861 9314
4649 6315
9433 8730
3098 7605
5265 446
3014 9422
2597 9729
1245 1168
5295 3608
3212 8424
6598 7691
6595 3638
2714 3045
2702 1062
3007 3724
5556 9012
6362 2564
1083 2129
7995 7761
23 383
6308 5772
871 7563
3149 2639
5492 4799
4526 4524
3616 6098
1276 9061
3890 4867
1396 4906
1085 9065
7338 2681
7426 7004
3236 8265
2621 6315
5782 5391
338 9754
2086 516
1376 3258
1695 5568
7619 7840
5609 5709
9889 2924
2442 6801
3279 4564
6854 5422
198 5
3782 8073
9612 4528
2386 7853
795 1222
7849 3413
2433 8130
7214 525
9411 6787
7983 4301
7405 1206
3477 8201
9987 6661
2068 2616
1017 5929
3966 6120
1170 525
3332 9365
8632 5890
1626 2828
4490 4200
2974 5879
9741 6982
8388 2314
2015 5265
4035 8556
8498 4799
9017 2070
6945 9214
9427 758
5132 3282
9657 6735
3647 6921
4007 3130
6280 5279
2401 7379
7918 4208
7790 3383
1022 4244
567 7159
6816 3815
2250 3864
4141 8140
290 3332
478 1389
6240 6138
4473 102
3379 1194
3694 1684
9196 5227
4964 8049
6872 2475
6166 3144
7238 7657
3444 8065
5335 8704
1220 3592
8647 4954
6700 2302
4969 2621
6417 2254
3609 3099
5875 8615
3184 1618
1516 1618
7604 2623
4275 6004
1239 5639
6619 9427
9966 4379
5015 6558
3529 7267
9199 131
5294 9347
7722 6805
8151 5041
68 6445
2783 5863
4493 9299
4544 5382
718 4136
3351 3608
6489 9016
6767 3744
8227 5671
2711 9185
9220 1622
5282 6485
911 4989
130 1245
6938 9646
5549 6589
5116 1618
8161 3783
6479 1388
4420 4867
8309 1999
8210 9191
4176 5533
5983 1270
1737 6872
7562 3403
7217 2462
7480 7725
546 9363
1146 5939
4167 4773
2387 7208
4612 4772
6035 7144
2719 6805
7273 6598
8429 9797
9734 4419
6550 8184
8488 1211
8573 3870
9024 3403
2197 1806
2335 3934
7127 755
5504 8267
8545 6494
2843 1817
4758 2032
8896 4554
9246 9970
6579 7736
4983 1508
8604 1477
6426 5580
2695 5447
3497 185
278 5341
6659 1171
8076 8573
8532 1767
2537 7070
7390 6242
7173 5890
7970 9220
5966 1402
2717 6700
3185 3059
6010 2683
844 4595
3532 4536
9924 6097
8095 4533
3666 6950
6038 2531
3183 3025
2288 4836
7252 7585
1742 5015
3189 3529
8749 9800
3481 9983
6875 4798
9326 8890
7638 7937
2645 6320
3797 227
4039 6492
2424 3015
8853 1889
6826 1477
2504 8160
5672 1085
8859 4157
2879 9982
7274 8941
3160 4819
8865 3929
1749 9486
303 6672
1020 4135
9092 5286
6394 34
1915 8200
9879 3616
3552 3610
1337 4854
9625 4999
3522 6561
1282 2806
7746 3147
973 3250
4601 6173
6968 1665
3804 1194
8381 8115
3476 5375
1974 3784
4408 3141
5560 6891
6580 5730
2022 4787
2679 924
394 1354
4451 5391
3385 8023
340 1335
3061 481
2123 3634
845 127
332 3850
4180 4972
2327 3380
2362 5036
8753 6437
9361 7078
4017 8131
7051 3870
4980 3459
9677 5703
65 3638
2732 5288
5978 1266
4852 3129
8520 1915
7434 6616
6453 7020
7065 4677
6126 1961
7742 2139
289 6843
8548 7292
3841 6361
1501 9559
4636 861
6379 9338
4662 3835
8586 4125
7635 7427
4682 2533
4002 8453
7466 3523
203 7025
4583 2672
2661 8672
8993 9088
4319 7740
6549 3870
1810 4313
5945 4211
8690 4073
8606 552
8421 3025
5893 6975
4497 7527
5532 4570
2110 2591
7714 5064
1523 2932
1574 6145
4599 1220
4888 6954
8934 562
4458 302
7451 4398
4278 8065
3312 3237
3409 7452
3794 8752
2811 7426
6117 3273
9367 1442
7368 3966
1257 3543
8786 3020
6051 940
3389 9409
7704 2424
3077 9742
3234 8193
2297 1208
9231 3938
9761 1170
6486 7609
4345 4631
1030 3700
1532 9879
6519 7434
6734 4190
7982 2636
5178 7992
5329 8765
2888 3326
4161 7542
21 9053
5702 115
3468 9396
7312 5422
1473 4080
3167 6958
6658 1892
6585 7314
9502 701
6512 7282
828 7197
1880 9556
5340 9592
8268 5017
6099 2070
3651 5591
3304 3571
241 9684
1153 8140
7007 5232
4557 9114
5987 2749
9143 5017
6086 1269
4997 7959
9429 9093
179 4544
9676 1849
6676 9800
6592 7973
735 1477
8245 8690
5764 791
8220 6102
1578 650
4520 8597
3940 5680
8389 8089
1884 2129
3447 4773
2291 9837
8676 9059
5385 4674
5662 1938
4560 4806
2124 258
9647 3461
7724 5069
6060 1017
9282 6624
7242 7733
6070 8086
7711 1858
9021 8814
2203 8130
9324 9196
7901 1266
5809 6901
2630 3279
3406 8403
144 3743
1384 4196
7059 9367
6385 7459
4825 3086
8811 732
4024 7052
9699 5570
191 9153
6091 5888
3596 6688
5957 7832
3526 3407
2576 1927
1294 1466
5302 7073
3017 4715
9615 5789
2759 3139
3679 7127
5402 5564
1934 6436
5176 3055
7828 7507
895 1387
9351 1000
6353 2106
230 9367
8737 9587
4259 7898
5762 5292
2453 5766
2003 8433
7569 6816
6660 9657
6711 8367
143 4753
207 414
8874 2278
8603 8376
101 5248
1957 5076
5432 3835
4363 3575
8875 8029
558 9804
4213 8161
8179 5685
8168 7336
7896 2140
4336 1895
4067 7061
6322 94
9753 9623
7468 9688
58 7168
2400 6791
8253 9802
4307 2069
5934 6097
8871 5447
8760 9941
7919 5302
9760 4383
909 4203
4129 9053
6617 9012
8803 7192
3741 6815
5224 9209
3452 1058
3790 387
7184 5176
7341 2748
3725 8134
1115 1728
3414 6802
659 494
4165 3181
6389 6352
4138 3885
2498 6565
5322 6931
3912 8258
3238 4277
3081 5299
1774 5410
4624 5033
4593 6596
5923 7419
4728 3870
5531 1664
9643 6945
7644 4643
7575 1684
7174 6353
3878 2022
9458 1397
1717 8006
8290 4526
9336 946
5488 8433
6520 1029
9503 2256
7671 2456
6414 240
6857 8876
8235 6162
2764 1403
4370 2691
5694 2954
3391 9199
2646 5469
4844 3185
466 6209
8384 130
9853 4844
7829 4138
8348 5545
3035 1631
9600 1583
9795 6135
1457 7341
6199 9949
3978 5771
3076 4569
887 2215
1001 1671
2333 5308
7256 7714
4514 5914
396 2646
5331 4030
5725 3461
4628 3077
8358 9153
5449 7579
3135 4086
8034 4798
7757 5212
3023 8063
6416 6414
2299 5353
8828 887
2100 1908
5467 414
4369 5891
7094 7630
1951 1729
6682 6138
3337 2809
3466 7275
6114 1354
7284 8588
7570 1887
5127 8690
4947 7983
120 7849
4804 9291
2527 7170
7990 6844
6269 773
7804 1118
5778 8296
6214 9299
7102 1755
7880 6101
653 5129
1559 6489
4782 5983
3683 672
957 1622
8106 5519
4680 3326
6623 3453
9567 5918
8004 481
5932 671
337 3081
5860 2847
2107 5892
720 5474
8043 4277
6317 3160
3350 7907
7225 2483
3716 7097
4119 2112
3362 1744
7497 2504
2339 3304
3539 6963
1497 5778
6024 6643
2578 337
7750 2371
7954 9670
5263 9116
2141 143
5965 4168
2072 1841
6232 2139
5460 59
6344 7173
9118 111
211 1228
7869 2123
9624 2668
2074 8615
5386 2426
513 5970
8518 6796
9667 4653
6067 4535
7054 6765
3388 321
9574 6166
2548 8278
9400 7394
2245 2253
2558 1266
2230 2327
8274 2256
8021 4520
2343 478
5101 646
3240 9422
3363 925
9944 5782
7678 4231
9485 4117
4617 1024
964 1591
1256 1987
492 1331
6922 649
7408 2891
935 4654
8831 1105
1569 7507
4537 7635
2536 3571
6856 8686
8460 9740
4069 7664
1603 5097
9639 330
4655 1181
9428 8929
6212 364
5972 791
8402 5908
1654 6694
7276 6921
5369 8273
984 6672
3976 6920
8399 9411
7847 3771
4666 9254
1315 5950
7287 8245
1190 4333
2693 946
5200 3136
622 353
2240 4383
1449 9639
267 6558
2772 5196
2722 5887
7239 3760
7196 7852
7553 2982
8211 7098
761 7859
2921 6441
4761 3606
687 8468
2823 4698
4356 9461
8380 2179
8325 4894
8196 5332
7 4972
7215 8944
3426 6938
5249 4565
9663 504
7266 8912
7693 5737
9704 4019
1925 6421
1043 3596
5257 2632
9481 8527
5046 3705
238 5333
1941 278
8977 3815
626 895
5935 7257
6377 7408
8094 4618
3807 9682
6597 9650
7684 2301
7272 1743
1333 1314
9038 9253
9318 410
8849 5356
3118 7052
3580 8538
639 1569
2262 4132
7744 3349
7862 2353
5754 5443
9109 4514
6291 1500
9393 3911
9478 3571
2261 9882
4201 78
1432 119
5522 9643
3653 8883
5710 2714
9383 5491
487 2068
2404 5662
2561 9503
9380 9090
197 4067
4975 9196
6156 9463
3423 364
7573 6949
8387 1077
458 7782
9288 7521
1004 4537
5396 4344
6423 4100
9964 9024
2464 2323
3975 5263
3371 7194
1691 8853
5121 3175
4366 3355
4449 2464
4919 1742
740 9332
7835 1
6154 8961
8680 6068
9183 4408
427 6594
7626 8690
4492 7044
8178 6265
5131 6436
2 3812
6620 5357
1437 3390
5478 5892
5816 7917
3879 3809
5512 6945
3036 125
2468 6982
7306 8589
2971 9575
8829 621
8840 895
623 376
975 6203
9423 4510
1275 6253
8619 5794
5213 1691
3985 1276
5060 387
804 6301
927 6555
452 5598
8279 6595
7887 405
8084 2225
2128 4354
475 105
5416 4299
1160 4739
9404 4787
9978 6053
7728 2514
2647 2495
3733 3118
6188 6469
6299 3615
2944 3647
5979 8825
3581 9903
6330 5012
4539 4104
7289 1337
812 6590
9108 5356
5894 7241
9378 8524
970 5961
850 5116
2593 3985
260 7919
6334 5870
3981 9670
3910 457
9357 911
3114 3306
8104 4662
7382 7994
2779 6876
9533 8399
2082 3077
2105 8676
7311 4709
7281 3493
5955 960
7965 8840
205 7995
8621 7361
6016 8816
8885 2564
6500 8307
2491 5601
764 5416
7337 6661
7087 4586
1968 6658
7237 6079
7933 2767
1070 9286
8726 9637
4706 7693
3631 8336
3816 639
4309 9328
5019 4614
4574 3958
1080 1314
833 6199
4903 6494
8854 6114
9251 6386
3300 2068
5409 5914
5291 2772
7223 2865
9962 8965
1303 6711
1400 6020
5226 2997
2842 6914
8917 6980
4232 10000
2858 9556
1799 2983
7668 65
2665 1712
1336 5561
1164 653
3063 6921
4916 3721
8142 871
7979 9257
9211 1396
5658 3059
7881 8295
7099 4531
5310 8654
7009 5292
1281 7274
4163 8752
7561 8664
7373 8008
436 4316
8717 5622
3788 3403
8617 3784
1441 9754
1405 4745
5068 3782
979 491
9267 9280
5677 4792
3891 5028
8119 4696
1197 3212
9072 5091
2769 8853
9064 745
3200 3362
8075 3390
8630 2003
6917 5192
8318 6883
1069 412
4776 6580
4889 7801
5158 3663
5866 2324
6298 6755
1679 5294
5915 6225
3119 4928
8525 127
2839 492
8185 4769
1073 5672
4895 8753
5095 3373
1669 4779
725 6605
7629 2638
6191 4158
8886 3888
3260 2756
2227 9131
4156 2614
1182 4100
5808 9906
6696 7994
4829 4554
9111 7065
2815 1731
5093 3028
1870 2591
6018 7490
8643 4219
4126 7105
1504 96
9516 5885
9988 4190
1361 1947
3104 8060
22 4686
2502 3277
6722 4602
5675 8892
7560 5492
3537 2146
612 9363
9578 6180
2117 5295
6855 2779
724 5248
8457 4746
990 8325
8594 1821
2364 4534
6498 9933
1550 2498
5740 5168
617 7935
6904 1925
4130 2355
5821 2694
7416 7241
9274 4794
9622 7832
1777 7700
1797 8666
6131 9134
1536 1742
9956 7124
2217 2473
8299 512
7474 2873
4914 3223
835 2288
9653 3027
6588 9697
9235 5467
6210 9720
4360 2555
3263 3180
1344 9339
2883 1294
2445 8666
2586 5554
2287 1927
7617 7575
1786 1512
5921 5833
3896 1080
7365 7312
4760 3345
1859 239
2412 6014
3342 1643
5144 3923
2148 8576
7749 1957
2900 9087
4008 8904
9554 8812
7255 2632
864 1457
9946 8142
8111 3950
9340 8215
5790 4297
6080 8479
4367 3930
8406 8091
813 8160
7909 8816
6388 4088
416 2679
2676 3084
7315 9077
6094 2950
1436 446
9472 1708
3401 7889
8458 8934
311 3149
7429 6479
1790 3930
495 8873
2157 6165
8232 2732
8257 1799
1009 4328
4241 4900
5784 6816
8507 4316
4885 4526
8958 772
7699 4758
7773 5332
8027 9027
7632 7954
9130 8105
9731 291
7669 290
4288 6964
4503 2418
694 1618
344 9458
8019 5330
6563 562
8444 3371
5653 6607
3269 2208
3905 8343
3768 8063
4665 3382
4384 5950
2369 4645
796 9398
7599 8829
1370 7568
4684 976
3848 1920
3425 2655
744 2203
3367 8440
8703 1080
9110 13
2760 7025
5786 3277
9548 1206
3635 4599
8152 2464
377 7004
1052 3393
4209 7396
8493 4563
5339 5355
531 4997
9568 7278
8723 1495
9057 6551
437 9974
6427 9837
9585 7374
3026 7251
5241 5180
4827 4704
1768 9113
6764 1292
4750 1718
8823 6522
7180 6678
3720 975
9798 2720
6976 4294
2092 9941
3662 5292
3718 7565
3040 643
7303 9554
464 2407
8459 3584
3421 4125
9695 3581
7475 1467
9054 4209
7110 3878
5170 5791
3113 3149
4809 7920
3307 8470
9912 5215
4770 844
9455 7097
7799 6404
6206 6308
9221 5684
7784 2769
2626 4921
5481 9573
8306 3985
2454 3541
4281 2782
714 3372
3538 699
3148 4176
1200 7562
6074 3473
2819 4751
6056 172
9049 8804
3521 8427
7345 8790
3819 8545
7297 9110
8194 5703
2551 7115
3632 9025
5757 1042
2667 9134
162 4396
5039 9903
2585 7334
6606 3235
2532 1962
2016 462
4006 2079
1937 5754
4692 8185
2860 8064
3874 9301
28 5060
2411 964
9368 8722
1034 2582
7685 5258
1854 2511
3194 718
2142 229
4603 5722
6415 9429
5843 3890
5401 4039
8312 120
3970 1892
268 4898
2979 6063
2337 9157
1179 8579
1430 5491
3429 5221
5251 7069
3858 2256
1656 3172
768 6827
921 3304
9036 3955
3572 5404
6845 4464
678 294
8992 2842
5157 6646
4639 351
4922 1073
1448 6344
9182 8082
3947 1935
3862 3020
5768 1535
9907 1080
1293 3516
3161 2454
6297 7322
3365 2451
9066 3304
6993 9191
2804 9639
4667 3148
542 7585
9942 7604
5126 5794
7978 5286
49 6793
8927 164
3202 8106
3042 9836
7074 8849
3756 4212
7874 6012
1479 7665
242 7421
3957 9733
4478 859
8425 2100
2627 2093
5107 5462
2397 7024
5962 2186
4261 4783
1086 4217
3475 4595
8156 6730
9373 6500
8390 4219
8689 59
9285 9832
9207 2120
6095 9428
6127 2682
5706 5668
5065 4190
8858 5767
1984 7870
7767 8713
9275 3646
5644 5573
3814 8060
9193 7699
1946 2970
8456 448
4634 2502
9435 1841
2968 1002
9083 1297
6564 2576
2706 6579
4029 6253
8436 9964
6612 3223
95 4522
3925 1814
1646 3451
6687 5848
5916 6012
7916 8831
2286 5544
9488 3326
556 4602
2349 8358
5793 8753
4626 458
1059 5519
532 6340
1431 9189
7023 6617
6559 1554
9940 2483
8587 1423
1739 6054
5708 240
192 4596
1905 5177
2083 129
2851 8819
5627 9076
4144 9730
4866 8086
7974 5956
997 623
1638 8662
9003 3547
26 8376
3514 5108
4713 9945
5010 5950
666 9985
2119 2631
1609 23
5761 6690
2996 3345
8122 9382
6025 8930
2183 8043
9540 6301
2516 2732
5802 4889
9444 2431
3708 1387
4385 7853
5575 2411
2336 6891
9341 2063
5420 3544
1808 8556
6895 5687
2137 3974
698 6470
4571 2137
8900 4540
5483 2831
2736 9288
8162 291
9237 9864
5758 9793
5133 9677
8297 6352
8485 4213
7940 8225
9664 2748
6252 2421
6144 809
4766 4531
2510 7338
8913 6096
6973 6500
6866 5358
9854 4979
987 6138
8108 6900
7557 9136
9161 9280
8327 4194
4148 7315
1848 1526
1955 1578
2573 323
5686 4456
3177 4135
7395 9930
1304 9452
958 2052
846 40
8275 5505
3154 1607
500 4544
9224 1308
2658 3020
5773 1571
1831 6523
6440 895
8740 5764
8192 6757
8164 9361
9611 7918
4109 9048
5736 1058
3203 618
4314 1916
4675 8079
6832 7332
8605 7921
180 5530
1163 3209
6668 2838
8074 5163
8011 1889
6547 1517
6438 6938
2590 5530
9634 8265
1075 9078
392 5129
7298 9404
805 6362
5090 1834
8363 9912
6926 1164
1543 8346
4521 8239
916 4297
8622 4209
4338 7913
6521 1941
2768 4770
986 3326
2827 2113
7754 6076
7149 8802
7108 3423
4608 9519
2231 1864
3560 299
8981 4698
2812 3307
3186 9405
6691 3617
7595 8726
2384 2736
1480 7725
3268 6928
1296 4531
785 5437
4877 5823
3626 3831
4407 4497
2607 5936
8657 5686
897 6629
7745 4832
9745 2040
9434 804
7393 8659
228 4450
233 8752
2366 9314
2496 2355
7535 9997
4269 7580
7807 8311
7618 779
4775 1881
4184 8571
3573 4434
2644 6688
3530 6200
195 8228
8404 6658
8171 2909
1342 6086
136 5824
549 7018
3569 5121
3431 278
7247 8773
9786 5010
7482 7274
5882 2576
3253 5665
6803 5896
634 529
1914 1604
5928 3363
5429 2760
7633 846
3574 5834
4532 1907
8432 7604
1803 5076
601 2462
2241 7421
2210 8568
6869 1365
4858 4229
2935 3365
7389 140
9801 2700
6192 4458
1277 8916
9852 4552
5367 1496
3509 1714
8146 3123
225 5278
3105 692
6005 6076
4043 7714
1226 5292
3764 2626
8437 6265
5001 7180
7021 6803
9844 4856
6852 321
5632 1777
6356 4200
1142 2526
1027 4467
5674 7396
5971 9554
1107 450
7201 7623
7344 1046
9370 5258
3483 9083
7674 8323
931 1477
6184 8515
7867 2700
2963 504
4040 6441
6609 5980
411 7770
7031 2157
7856 5370
5187 2672
9902 7726
3041 3843
4256 5652
9529 4589
900 7963
6952 3797
1221 626
1176 5706
2452 8621
4444 1105
9750 2749
8203 5305
9825 1112
5759 5127
2219 9175
2220 9951
7567 6105
8862 5732
7696 5170
8510 9175
4246 2591
3075 1369
9668 2454
6885 5443
5289 5684
1053 4882
2927 7881
7467 3097
6586 9423
269 1887
9489 8198
7622 3651
336 7240
2013 3661
1329 4665
6161 2653
2006 5751
5992 6089
6450 3121
2221 280
3320 269
6006 6619
6313 7810
9001 6696
7697 7855
4381 7149
6613 3946
4887 6691
6888 4463
1223 1935
1148 7503
7430 8837
9495 8034
2862 4824
9885 8097
2778 8762
3435 6034
3140 5945
9050 4234
7566 3171
7407 4142
4099 6976
3016 1029
4454 7438
2430 7641
5018 7504
9044 6711
3484 8193
6893 4801
3239 2281
4763 1846
4245 1676
5825 4437
7354 12
9353 9017
8032 363
2289 6393
404 957
3536 4931
3510 2227
2090 328
9009 6238
2103 6682
2867 7919
4878 9357
3808 7745
4604 1442
2458 6973
7357 617
2126 5955
3503 1707
3038 3176
8441 1476
2167 1516
2048 4633
3865 6090
2187 5986
72 3165
9511 9559
5712 1817
3052 8411
8598 67
6684 9928
4472 9808
6130 9416
5371 3122
8669 2951
8880 5981
827 1995
3201 5455
9101 2736
605 5641
5445 831
8744 7839
8544 6409
6781 3490
5408 1294
8292 7282
3241 3738
3153 7411
107 3975
3298 1060
6446 5020
266 2738
4346 5651
327 9808
2907 5594
6412 9010
6683 1285
6943 6201
2566 3423
1697 9207
3565 4965
9870 1883
524 6409
8132 7823
7017 9825
1172 477
8052 8897
5587 5316
193 8960
9177 9336
1805 845
3852 7315
218 5141
7193 3537
1234 6702
1641 642
1265 874
6383 2961
3392 7817
6939 5018
5321 1399
275 5591
2866 5802
3770 3766
923 8105
8502 8475
313 6190
3735 9826
6814 8636
2238 5096
1779 978
1006 3020
9759 433
8208 3189
5673 4532
6935 683
954 4282
8281 3804
1306 7867
528 7557
4056 7519
1081 6240
934 1526
1985 2411
5009 5678
5165 9367
1625 1048
2406 2028
9757 2569
310 1058
5204 1472
5266 8333
8711 2332
8038 8804
2685 2139
2011 3664
1567 2109
6207 9946
3034 9661
6065 494
4729 1752
7296 8515
9526 1676
5949 8006
8294 4069
1410 1909
379 8651
5040 8038
8779 9303
9174 8588
743 9920
6234 3609
2920 8870
7319 3194
4453 4623
5868 9282
9538 6631
1596 6662
3697 3028
4699 2668
6760 2394
1152 5985
3707 6973
5487 1009
6992 7107
1527 3045
832 4490
3166 235
3937 861
4956 3748
1791 8811
2762 1315
9074 9933
7654 1167
8503 5570
8369 7051
4585 7815
1040 8605
2952 1915
8415 4308
2727 5192
1424 5609
9858 6573
4790 4129
2075 4682
1379 8859
6329 3541
6007 100
5584 685
4644 3235
9814 2945
3051 5863
9610 3983
7202 1003
1582 2028
5004 2086
8898 8553
147 5241
8398 8227
9865 1686
1356 5100
5569 7475
3637 1166
6176 4305
8611 2941
5495 6590
5103 6289
7645 2473
8855 6732
7441 3398
4394 7891
4146 3569
1439 8163
9399 2375
9204 7538
6994 5210
232 6826
3032 9076
6122 9084
700 4982
1804 5117
9791 4812
9957 1646
6259 7565
5670 193
2998 8279
853 8083
8747 928
157 33
1964 9568
5676 4133
696 3307
708 1945
1766 7865
6467 678
2885 3154
9170 9670
9851 6810
47 4444
3943 9463
4225 2489
4925 5724
4300 4062
7160 7143
1944 2547
8668 8325
8484 4454
4525 757
4768 1336
852 4782
5723 462
8541 9496
3902 2195
1374 9822
4646 4463
9445 8012
878 1722
4785 2230
3100 4979
5175 4157
4131 9430
4221 5032
637 832
4915 5938
5260 2764
3205 4169
5300 7411
6202 2582
3611 7177
6001 8518
1705 2828
5958 5420
8512 8376
3582 4694
9462 2853
6628 3602
8513 2288
1545 3760
6338 8355
3196 1139
3600 7231
3624 3389
6424 6352
7495 5036
9563 4449
7055 6557
3138 7314
9058 4218
3467 8446
2162 6664
896 8579
9558 3488
8187 8435
1129 4345
5588 3406
3500 3131
8864 3099
6531 3545
3791 6493
2660 6715
8438 4436
3746 5390
3899 4206
5172 3040
6977 2593
4935 6648
7942 8689
9210 2458
6367 9203
4558 6209
51 6540
5967 5927
4423 6096
8233 1719
5869 1181
6978 2257
8764 6366
9029 4826
6475 9558
4548 697
2874 8630
3169 3214
4448 135
5219 2147
7620 9985
8648 1034
6944 2561
9236 7032
860 513
1414 459
2887 2761
8887 3966
2414 3420
8282 5685
1339 7603
6378 9982
3780 8018
2852 347
5159 1839
1491 5925
2465 14
5297 1984
9151 8356
2380 6594
6319 4195
2611 6538
8618 8779
8521 4173
3290 5463
9298 6430
2358 3607
4063 6148
4185 662
1018 7599
4483 3181
2739 8154
3698 4491
2877 5261
2165 7045
1078 9114
4543 8740
9407 2104
872 9385
1940 3653
1420 100
3219 7035
8471 2517
6434 6212
1032 8621
598 8875
6084 3041
3880 8664
6303 3352
7447 838
7748 4933
9986 3345
2592 2440
6870 4599
5459 3662
8984 4922
1150 2337
6758 6276
8614 8363
8044 895
7774 7898
4315 4404
9831 6758
9855 350
3550 5321
5435 1228
7302 9143
4350 2622
3997 7619
8033 4539
2994 9209
3787 7757
1687 5584
9871 6829
6918 4743
3489 8570
8213 7109
6739 5390
4967 5980
3570 8106
2898 3322
9230 1072
9738 3447
9953 7484
8474 9928
6463 7945
1054 6173
4908 8332
3364 8465
7348 3241
748 2561
8529 9348
2560 7368
8889 7274
2292 336
5785 9587
5048 6356
319 5069
8903 6290
3881 9383
318 9193
7147 3557
5991 7824
6116 4991
3333 5701
8736 3732
4747 8919
2886 7475
3499 6447
3903 9
7265 986
3690 7829
6245 5345
9081 922
7676 3106
1963 5406
2844 9019
505 6901
6274 8584
5697 1457
8708 8048
4122 8998
2651 1247
8850 2749
3457 7620
753 2018
9014 9516
4001 1262
898 7410
4238 163
9238 5338
738 3264
656 9356
469 3783
3778 5784
8646 8876
9469 7604
5610 8656
7103 5956
799 5017
715 5445
1071 9638
5304 2275
580 6964
2477 8954
7448 9163
2118 741
4233 4209
2837 9212
5693 5428
880 7309
4907 2814
2612 2783
3050 5251
6602 4921
6027 5499
7036 9641
5963 735
9323 4304
9107 4753
783 6543
2108 7992
8757 1180
6346 3097
2434 315
1483 421
5461 6112
8041 1720
839 7373
1872 5001
5565 3760
3740 5203
1681 975
6506 6474
8120 592
3111 5688
8319 1084
1971 2065
9085 4468
750 585
3188 8011
3445 1905
5490 6815
7248 494
8899 1881
9909 6520
4735 8336
2775 979
5456 9169
1358 8498
7445 5912
1450 1481
1949 4641
7683 799
234 1934
9484 5849
6335 8002
2903 2421
5917 3891
5457 1578
7355 9958
1440 1017
9666 7748
6911 8437
2741 3379
3507 5212
7732 9931
5596 7110
2521 9136
6759 6401
5418 1512
5620 5304
9055 8307
8409 238
6614 1320
5122 5672
7688 1296
7552 1275
4447 3850
3474 7495
4572 549
6140 9405
9509 2434
2637 8523
2904 3672
5115 3831
6157 1476
3256 6494
4181 1781
1131 4948
5911 1586
3935 1166
5135 5999
2127 7202
1730 7149
798 3771
1407 7731
3112 6663
1485 7742
6239 9474
573 8365
2152 516
1950 1182
5643 8858
8070 488
2596 5820
5841 8077
6033 8664
7922 4185
6542 9976
3335 4700
888 3204
9418 7193
6600 3061
281 1801
499 5978
3405 1927
3030 4870
6219 6744
2054 1695
3441 6637
9954 7107
9124 5609
8496 4591
545 5641
1952 8736
691 5924
8642 8458
5645 4293
1353 2702
9896 4846
565 7332
5807 2429
9413 2846
7498 4122
8031 1303
5152 8429
5718 7007
9421 8724
5856 6684
4222 1461
378 5921
3892 8299
7986 8737
6213 9455
9524 299
8729 8021
5803 4194
6103 5361
5484 4459
2571 2597
2360 3203
7572 4556
2816 4120
4905 5688
1594 5129
2199 6474
9424 7864
2322 6284
4263 8578
8013 270
2046 6158
8249 3189
5077 2679
855 8668
3091 5806
8147 78
4577 9844
5256 9056
5926 2849
7003 3654
9565 6857
3898 9768
2871 5690
9674 8587
5451 6836
8751 8608
6267 9933
3292 7180
1704 6256
2290 7419
5905 2927
7551 5240
2690 39
6821 6836
5234 6904
2037 6474
870 1178
5318 5031
7805 6528
8188 5460
1740 6351
356 160
216 5443
8688 7004
1310 7468
6987 1251
7006 1367
9205 6606
6000 7656
9683 6377
7511 8540
2553 5130
3786 5374
6923 8505
7169 6144
8324 7333
9579 9008
7483 1515
4320 2300
3252 8404
1560 2919
1401 1838
759 3885
6535 8049
1122 6875
5615 1479
1877 4707
2640 35
6181 4513
8372 4161
8964 988
9781 2920
6736 8770
4339 8789
7224 1703
2730 1675
6638 6227
4607 2762
7137 6308
7897 8240
7363 7995
449 9014
2312 5502
6132 5476
7598 9633
523 3663
2973 6234
5780 2872
2670 3231
5964 7146
4734 8903
7188 9737
8629 1294
1023 161
754 2350
6756 7075
5106 3899
7518 4907
6172 2990
4228 6772
8284 9032
2539 428
4911 598
9990 288
254 3596
4511 5018
6179 1461
108 7559
1443 1803
6576 9016
4358 978
971 4128
6566 3929
9272 3095
5898 9672
5635 9176
5631 4514
4507 6955
1924 3330
5073 6682
1798 2291
5094 8276
8530 2774
5485 3899
4807 2292
7988 5142
1237 7046
1155 3333
7536 8287
6504 6841
2955 4875
8836 2702
2969 8578
2687 4056
7100 5406
9551 9111
1912 1086
2143 641
9046 3197
6270 2054
2023 3580
1037 8811
7185 1480
4152 692
6215 9982
4214 6780
3419 7684
2967 4611
1710 1208
4038 1395
497 3177
2745 4222
9179 880
9918 3943
1897 3551
2620 5826
9724 2501
9577 9702
485 6770
6861 3513
8580 6619
7435 5269
7446 28
8921 2105
2481 5260
2507 8916
7502 216
7763 2754
7706 6649
7478 8441
3706 5163
5238 8251
9089 1882
1627 1171
4909 1790
3673 4061
5562 3148
2958 7015
2377 608
1680 8156
3132 6048
8061 7803
4731 6667
2697 1806
8057 3878
3491 5787
6425 6577
4127 9666
2795 6677
1856 5690
3047 3547
5189 9111
2402 1940
9706 27
6960 2394
1104 573
8955 2066
7914 6637
8408 5311
1490 1053
5188 3111
7967 5367
8127 5226
6073 4675
7508 3541
401 5892
121 5963
9850 2578
9507 147
5600 5159
8792 8385
6408 8717
2696 6888
7235 7145
5682 4017
705 900
5411 1215
8863 5766
9217 3896
6418 872
6908 2667
7304 6319
3378 5146
8172 7081
9883 3156
7175 2912
6989 33
3178 3924
2035 2424
526 2433
877 9301
5873 2406
1057 6770
2781 4030
1274 5826
5551 1829
9226 8867
4140 327
8593 8084
7476 5851
5770 5384
7203 4979
1855 1551
5656 2297
1635 4004
3645 2087
2264 2965
4134 2281
9816 5013
4693 5099
249 1198
7331 4526
3821 3735
2494 1995
5775 6018
8741 2787
359 578
9446 3935
8810 1972
6807 4772
2820 4155
6339 3429
849 5125
9678 4044
8182 5098
6398 6860
7971 9678
9030 26
5441 3646
2417 4677
790 2767
5086 8040
3438 1420
2243 1681
8375 3706
9006 880
3427 7657
4939 7378
3090 8105
8331 8811
10 1535
2613 7197
1796 7928
2928 7767
2895 6821
8047 2737
5922 4383
9167 4610
9649 8726
5649 4967
4411 770
4371 8929
3630 5180
4111 3456
5765 4246
781 1037
9448 8488
5092 3469
6924 7193
7861 8063
4932 3095
1254 1053
8695 386
1419 836
3243 9046
547 8912
3508 2477
5364 4303
7162 6246
7926 8064
1629 2964
6281 531
3501 8892
9043 9933
132 4291
6336 5695
2005 6091
2575 4784
800 1395
7155 5540
4546 5291
109 2824
6882 7933
5155 5879
7769 9197
8732 2273
3190 5677
5817 1774
9325 4441
7948 8883
7136 4858
8939 1959
4416 9667
6534 3400
3920 3071
3665 4360
2567 9906
7544 2112
3302 5249
5088 2370
8561 8370
6454 9458
992 4330
6066 4851
2328 8278
6999 6356
6656 5172
7283 3879
3496 1624
6933 8865
2446 9962
5380 8136
7011 6300
7689 2866
1770 194
1524 2941
7902 1405
9354 8950
5913 2394
2914 8167
6 9807
1788 7000
9862 8326
1207 9455
6693 2144
8237 5846
9460 7572
6128 6606
7186 327
518 9675
7221 9189
3037 41
3347 497
8665 6079
652 8083
8821 9613
8344 6815
8017 5449
8951 2718
2181 286
5661 52
8719 1704
322 4985
2307 4251
1689 1228
2098 3964
1232 7397
8407 4035
9913 8006
3727 7682
8940 9602
1811 3503
5904 9324
5149 8894
5900 4753
9655 3234
3293 6260
5509 2742
2280 8211
3152 1427
8738 8290
7820 689
6986 8130
7795 5476
5524 7611
8675 649
4638 2119
5886 3920
9700 2806
3954 6481
5788 9013
3799 3100
3440 8498
9123 7110
6310 1630
1660 7907
9137 7872
4081 6482
1465 1495
4616 2231
6484 8048
1125 1363
2836 8337
1209 7847
6967 4882
8623 774
2563 3461
3933 6143
1471 5945
9732 1410
3415 2555
1459 1436
6874 9204
4901 3447
8983 3609
2427 9400
801 6317
6083 7559
734 6386
324 6699
2405 9359
824 2257
2940 2069
5840 3758
6419 4086
2161 2740
8644 4299
4580 2086
1390 4079
5977 5330
5255 937
2675 632
2228 9723
5659 2318
5691 5224
2019 1440
4202 6444
7295 4255
9923 2305
5277 4576
1939 5447
8991 5455
681 543
4016 2313
2447 5627
454 3049
8394 7885
3357 6616
5246 8803
8050 9342
2020 2297
6953 1757
945 4227
3487 3410
9908 1959
2154 4615
8678 9604
2234 5218
4047 9065
9991 8395
3179 744
8926 5840
5539 9614
9487 3017
2641 5300
8986 6999
797 2899
2293 4122
3288 5509
4098 5638
5164 1937
2840 2535
7925 4009
8552 6210
9515 2134
8450 6876
3437 2512
9104 7847
3927 2786
6497 2717
1120 585
4816 5557
3887 5291
1756 7674
8298 2165
956 9560
841 6950
5080 3469
5000 8775
8895 6484
7765 8610
8953 4144
726 9101
367 2751
4359 9677
2724 3090
7423 7362
5874 2344
4433 7312
3918 8300
1151 940
357 1043
5465 7772
6461 9489
2153 7730
7976 8624
3093 954
5274 6396
4562 83
6147 6841
7593 6900
3486 1968
361 8270
79 6155
1866 7378
4424 6540
3836 2668
5919 4038
9828 1644
2663 8481
293 3718
667 6829
3285 9511
5507 7203
262 477
9037 9310
5657 6027
2320 2916
6354 7890
8637 2035
2285 3957
5415 7741
4813 281
5023 984
995 7457
3002 3015
8181 4846
8338 4609
432 5487
584 8663
3187 1145
4620 6280
2056 9783
146 364
5855 2806
2002 9437
7571 2641
7150 4026
5749 8237
1456 9340
5025 7654
1553 9488
4401 6386
3471 4599
2541 4345
674 9417
7734 7365
6306 9776
3759 328
7280 8003
4266 2589
4457 6061
1507 856
8834 7399
1653 2131
6431 9176
7608 2912
2515 3958
6359 8632
2602 8847
2476 7524
7228 5318
3433 1397
9881 3133
6627 1219
3384 3871
8975 5717
3520 8724
4957 9821
1025 3797
7154 3165
1289 5519
2469 3062
5574 3368
8103 9144
9173 4046
7449 9116
9709 9289
9441 425
375 3748
5946 5714
7501 9046
6644 9486
7462 4140
1498 5529
1014 7287
6078 3875
2169 3419
7500 3908
2184 7524
2149 5769
8204 2191
8852 5248
9659 6837
6545 8063
2176 4028
8252 7065
1248 8818
658 3072
7721 669
1469 9006
2747 199
104 7909
9327 1266
677 3417
6376 5907
587 6563
8856 6441
8410 2483
882 6978
7523 9060
7153 3687
88 8371
5075 9575
2460 5191
6896 5769
7063 2404
985 1145
5514 9893
2659 3510
9442 2990
9166 2310
2267 4422
5315 1923
1159 110
5500 7223
7381 2517
583 8200
7910 860
7842 2568
1087 6855
6292 942
6695 5504
1632 9586
6621 3979
5049 2933
4094 1461
818 456
7812 1713
2251 736
7843 5615
43 8311
1711 4654
4285 942
1751 2121
2304 4305
9887 6941
6342 6114
9972 8445
4274 2471
4660 5875
7592 8010
8750 9489
2213 6444
273 8732
7637 5935
9835 6306
4786 5560
2684 8797
1614 552
9593 4607
407 3044
9628 3852
7200 8848
8628 7708
8600 7735
842 1471
7472 8338
4988 1013
7477 3430
4918 3612
9796 9153
4640 2170
8978 6663
183 9296
7720 9719
1986 566
6466 1186
1580 4883
9552 5919
5145 4564
1725 1071
2033 9876
2463 9792
947 7005
8714 390
5876 3683
9834 7805
2249 3184
1775 3472
4879 8769
4711 3040
1106 1005
5746 5932
9686 846
8377 6243
1549 5128
1213 3423
3840 4067
9269 6385
2282 6729
7858 2159
4178 9783
3340 6746
7584 5883
4897 3332
7649 4160
9581 1165
2279 9458
5239 7114
7615 9445
6710 9912
8175 1503
7596 5719
2604 2436
8088 8463
4992 4475
851 4840
2166 7009
5953 2592
165 3917
3480 121
5566 3114
6741 4498
4818 9697
6363 7296
8658 521
4095 6202
8255 2316
7086 2836
4581 9393
4632 4729
9535 3815
5211 6750
6257 684
5889 2229
7594 3294
5931 9515
9694 9661
4793 9912
771 4053
6570 1675
1573 9176
9492 159
7652 8926
7987 7001
1615 5352
1149 2646
6747 7873
244 3580
3763 1851
4679 8909
2556 7752
7245 8337
8339 8460
2981 658
572 2510
6554 1884
1138 3384
1425 3131
2882 5012
5059 4712
4113 4176
1299 6414
2628 6812
5038 3147
8177 4877
1264 4438
9726 3926
1100 1303
7327 8809
6905 4939
9279 6800
3907 5508
3226 8824
3422 7344
6151 7860
4204 5947
252 1804
4230 7997
7249 5083
9309 3029
9803 4851
9198 7956
7493 7931
2390 505
9095 2029
2678 745
3702 3927
5337 2904
8494 5340
189 538
7667 53
6211 7006
9691 3694
9283 9131
3622 1236
6040 5504
2522 1363
6459 7073
6208 6018
5837 1308
6266 277
7119 6635
3254 1984
1098 1160
948 7569
6712 5784
4376 6625
8555 5884
3124 9411
1899 9572
1874 9540
5920 684
9390 7632
9817 6064
9843 9595
2017 2846
5214 7830
7961 3189
7943 345
409 4592
6508 4048
6998 5070
7093 4623
3553 1924
5154 4679
7470 5893
2393 1625
4523 1313
1036 9269
3942 2193
7517 3472
9993 3753
1709 8327
1286 699
82 3817
6337 203
4085 4994
1763 7382
1242 4325
6536 8427
5748 659
7640 192
5405 8222
7219 5879
5603 4375
594 4905
3442 6484
9227 3180
4077 310
5867 4998
7176 1349
8866 2825
3636 3572
6186 749
9905 266
4223 6519
6795 6846
7930 7733
6092 6347
8250 7400
4430 8541
5805 8413
5552 5749
8081 5972
6296 7951
461 6116
5623 59
8476 4186
8701 8023
9762 3583
8058 3565
4600 337
4253 185
6358 7964
4112 3485
1368 7467
4477 9503
9459 3041
7293 7617
6294 1136
9626 5619
6142 5956
325 1068
7230 5801
1157 9496
5838 3609
819 3197
4051 2205
3906 1886
4687 7513
1652 3778
9034 2430
9629 287
680 9886
7066 1077
6532 3510
2966 2639
825 3386
5169 4222
2439 2095
221 8615
9156 7845
6892 9797
7166 2954
4237 4050
6490 9633
8291 544
2259 3387
6365 9918
905 9037
707 8288
8417 3033
1514 7348
777 3938
4327 6698
4171 6
2523 4725
3331 8991
7650 9543
3395 9220
6442 623
630 6024
3101 4710
4764 4888
9450 3966
548 8191
6742 2844
2709 4801
2196 4381
5287 5706
2629 4268
7113 5647
8999 3208
2088 3908
3598 8110
7164 5787
8761 8830
5528 5816
1772 6832
7662 1565
8378 6534
788 284
569 9740
9240 7292
9656 3835
1764 5927
3518 4787
2171 6151
453 4845
9830 8210
606 2583
3533 6090
8607 5266
4721 7256
739 3409
5026 459
6979 102
1983 2768
7320 6115
4054 6213
3443 761
5124 1830
6333 8399
5895 2025
8910 6274
4462 4051
8667 37
6044 7167
7190 2344
2499 5524
346 7910
519 3965
4036 3971
4058 1691
1636 1979
1519 2462
837 1255
7494 8860
9599 7
6525 73
1199 8159
1828 6247
1156 4864
3534 5942
3535 2635
7360 3715
7755 5214
590 7104
3578 469
6798 418
7259 388
7122 7601
3857 5103
9493 6006
2482 862
5735 8847
6360 7325
6372 9572
3650 1021
3462 3345
8782 1798
8035 3863
8293 8687
3366 6320
2470 5130
8543 6959
4500 3228
5119 7552
1095 3100
7844 2223
7955 2658
8551 5747
6273 6413
438 9528
7152 4198
8269 2638
3642 4842
1655 4181
3381 6619
7821 6359
8839 2059
6125 6470
6348 9483
6133 1427
6725 7730
3078 5404
7364 7026
3339 7478
9842 5994
9187 433
7126 7185
3120 5639
2726 8450
6109 3530
1823 2747
3450 147
9799 9388
2947 2560
3074 3442
1259 1213
9308 2696
5776 3377
886 2307
3155 8510
8313 289
2044 2008
4027 7297
4487 5018
2559 313
4855 8556
730 6918
6321 7517
7346 2417
6859 4106
38 2293
9449 3830
7934 4666
7183 7119
8609 5345
4778 1534
615 3215
1650 9077
881 9231
307 551
5114 5670
5085 3194
1903 552
2136 475
1065 6225
8236 3403
9769 8526
7079 9015
962 2621
1147 3501
3262 5065
7358 2327
7831 5252
1518 6557
2766 6906
3805 457
6752 7560
7631 2087
5270 3574
9775 4916
575 8810
633 9634
9891 7651
1377 4812
5796 4315
9921 2987
5525 5445
1426 842
8971 7467
3359 5867
3195 8151
222 9680
8174 6101
139 9398
9106 409
8430 7104
382 7257
6373 4038
1558 8446
45 5738
9252 6254
5343 8833
1917 6120
2841 4263
341 9053
6452 4257
1272 4180
4145 6008
208 4588
5878 5652
5035 4949
5306 6381
25 2099
6692 5335
8495 6107
9453 9340
5906 799
6719 1629
7510 2679
8014 7626
786 8664
1520 5630
1913 7926
2765 9329
9281 78
3872 5665
8107 7988
3811 5569
301 2123
6707 9049
451 8553
389 8281
9839 1634
7308 8427
2703 3647
4210 9684
3207 3250
8969 9229
1486 1922
6019 9319
2168 279
4083 6170
6718 9509
9617 7718
4672 7429
2948 1547
210 6196
3949 4576
7531 5556
3479 8506
7220 4445
6249 2806
951 4445
7229 1957
9980 9006
3281 8189
5493 9920
5394 8158
2449 2955
7385 3035
3704 7373
2381 667
9632 4107
577 7931
2832 1259
950 924
7372 2981
7846 4585
613 2496
1494 306
8677 8845
9041 1156
5536 736
2850 2295
5423 92
5050 5083
1658 8923
2474 5015
1993 8412
1745 7613
8116 6615
6023 7362
6985 5191
1599 9163
8321 3850
2493 7887
1862 1348
173 1824
2584 1710
1663 1
6785 7769
7680 8898
3315 4854
6701 952
489 8038
7719 5844
5156 6194
2884 9343
1429 7073
4380 465
787 7106
8638 7325
5739 3275
3505 8078
1327 9884
20 7402
6141 805
599 9201
8302 2430
4000 1222
1434 5422
814 2869
8542 3122
6652 37
335 8960
3713 387
3762 764
2931 4559
2263 9770
4296 9662
9914 7900
8066 4098
1183 4034
6263 6154
7349 7493
6302 4333
2024 9739
7469 8095
8634 8243
1699 4248
3998 9813
9216 896
508 736
3069 5146
5325 676
1688 2944
4702 174
1144 4939
1267 1429
6864 5517
7590 1711
6204 5870
7199 725
8117 8279
9859 2688
9890 356
1091 3131
7781 5021
9539 9773
2395 5715
3013 5413
2064 7719
7747 1514
8756 6597
3439 8926
2053 8988
8349 2595
6717 3879
4953 5297
3168 7517
9860 2482
1528 4710
6374 6167
9929 3633
9412 7196
550 3717
9263 1527
6003 5790
589 626
7554 9889
865 7257
7690 1976
6936 6344
9121 7847
9241 2209
709 7780
2789 6441
8113 2788
9073 7807
8246 9285
1493 7880
5774 9012
2581 3057
7383 1185
4074 926
7158 9853
4236 9947
9344 2411
9703 9656
6835 1146
9937 8590
5290 8789
2876 5342
7947 1989
4968 3837
253 9393
7537 4650
7522 7232
4105 3010
1045 1485
533 4203
1587 4769
869 3447
4765 900
8125 2602
4443 8979
9242 9675
4541 4997
9582 729
9506 9887
3274 9845
6916 5097
1566 406
9818 407
2076 3053
2207 3587
3412 9017
7679 6248
2094 1131
2634 9222
1563 9746
7425 3251
6462 6674
1579 5818
5222 302
9534 2877
1997 595
6323 2723
3354 6656
4427 6051
5179 243
3424 9345
8869 3330
5202 6437
3680 6992
609 1260
6391 3474
688 3139
224 4135
638 8119
2130 500
3218 4716
1484 9549
8241 8955
610 3367
9763 4921
9752 470
4108 2330
6868 8571
1885 8292
3775 6987
963 101
8945 95
4837 2615
8976 4434
4690 4605
3969 9839
5842 3079
9561 7286
1298 8927
1258 5994
7206 3725
4963 8936
248 392
3980 1124
3224 8579
9127 8041
2385 8097
1231 4140
3066 6522
8054 596
6251 9848
3693 5727
5336 2422
3909 3421
7010 1740
5397 5409
4170 5849
9692 524
2707 6245
4118 5049
5225 9157
2480 5468
7607 6845
8335 2522
1049 536
7487 53
9805 445
2953 8303
1116 5894
3996 1227
1317 3511
7738 5412
1827 506
3259 9434
7135 2054
1340 7630
9584 583
5275 9937
413 6674
7904 2585
6754 8744
7022 4284
5501 8039
7960 6411
884 8121
9035 6648
3893 2746
5629 774
9149 2628
3174 9493
8428 3660
5005 3092
3369 8209
7250 1933
4207 4627
98 5694
4637 9089
5976 5322
3227 1493
9273 2227
8928 972
1513 7873
8980 1780
6491 2941
212 5718
7307 2720
3434 4276
6032 5126
2242 5941
8414 1105
8098 8705
5744 8160
8698 9492
6283 8980
661 4752
1218 7565
9919 558
8342 8490
1673 8167
6231 9256
6912 5905
1279 4027
6645 6327
5854 202
4386 7175
3295 6118
501 8839
5576 5668
3585 6636
6578 7915
1570 4637
8514 6464
6507 6819
9476 1261
9331 8389
271 8080
8684 251
2437 4700
4648 7036
1191 618
3772 1037
9172 1791
8995 3483
6182 5498
3524 9405
2988 6991
2525 5425
2097 7610
3432 3062
8710 996
9514 9683
9232 2472
7352 5259
7068 8289
182 1814
4962 3430
5057 1301
2544 7748
6593 8520
9454 7999
3599 9977
1143 9232
2274 4334
7092 7904
69 4186
4400 1708
6679 2235
8266 6298
5815 959
7541 7095
430 9155
2643 1225
5959 2167
2705 7930
9243 3675
6884 1541
6655 9004
3769 6145
9619 7838
2796 721
8994 5867
1246 4103
4733 4410
1158 509
9899 2966
9636 3219
2713 7111
5877 9733
823 1289
4331 2333
6435 5623
5642 9418
9789 5383
3586 9590
4249 2653
8581 6991
3601 9978
9069 3321
5254 610
8497 924
316 1971
4512 795
3960 903
156 3627
2570 7003
834 315
9260 3605
3297 787
695 7872
4495 8152
9785 1907
7404 2046
679 8319
8069 3953
6779 9809
3170 7191
2204 2933
2574 2591
1051 1521
7288 3374
4023 9458
3411 4212
9874 3231
1816 30
4393 1942
8022 4534
867 8427
4260 7740
4673 7284
1214 858
5002 6560
9292 3379
