10000 9529
2081 2636
1682 2636
5443 1682
5688 2081
5355 1682
4063 5355
3087 4063
8485 2081
7462 5355
5026 3087
765 7462
7693 2081
7444 8485
4560 2636
4118 3087
1948 8485
9118 7462
6684 765
9026 1682
130 8485
748 5443
3411 4118
6878 9026
760 5026
2426 4560
7122 1682
2294 2081
4624 1948
5957 130
101 4624
5742 130
7448 5742
9756 2426
1473 7462
2718 5385
1679 5026
8024 7444
2556 5742
3674 5568
8012 1473
4558 5026
2605 5568
3432 7444
4724 748
5576 6878
6228 7122
8457 6878
4267 3432
173 5443
9055 7122
7992 4558
3410 9756
485 4558
6288 2294
6982 3411
7390 6878
4312 8024
6188 1473
5848 5385
7150 1948
5674 7122
7623 1679
2770 7448
6411 4063
3239 130
1481 4063
9376 9055
5702 6878
8973 9055
5886 3432
8703 2081
8879 7390
9612 5568
7041 7390
896 6878
625 4118
1811 4118
9663 5702
5024 3239
1848 101
174 2426
4185 6982
5441 7444
6255 8024
9204 7122
6521 4724
6250 4624
3642 2636
8866 6288
5844 2636
9614 1682
9721 7150
849 7444
7700 1481
858 7444
3289 7493
4171 4560
7785 5844
1410 1848
7530 2636
5857 3410
1769 1948
3941 8973
8804 8703
8366 625
6962 2556
7348 7122
3624 7348
6977 9118
3566 1682
3313 9612
6496 2636
9323 6288
8025 6521
7532 8012
4913 6188
3116 2081
1715 3642
1490 9614
4838 8973
9919 3674
4805 9055
4849 1679
6548 849
3437 8025
7735 6496
1030 4063
966 6411
4429 625
8091 8866
5714 5568
5446 1490
7275 5844
7024 2718
4633 4849
7879 5857
552 5886
1859 7493
6933 1410
381 7462
8222 4560
1202 2718
7881 174
3627 1679
9410 7532
7201 7735
7504 3289
7424 1410
7083 1811
6591 174
4461 6496
7078 9026
7285 4312
8095 4185
7497 8879
3149 4913
3953 5844
2062 1715
2161 6288
2056 2062
7149 3087
9271 6982
8009 7285
4934 8009
6499 5385
9373 1682
2884 1811
5540 7785
6218 4185
5189 7448
9997 5957
6052 7493
7726 9997
6010 3566
5241 9204
259 3087
4818 2161
5412 5441
6918 8012
2645 765
3375 3087
8347 9376
4820 2605
6708 4063
4768 4461
6505 1715
9833 174
3592 7735
563 7623
2000 3153
7542 6982
3802 5844
5988 7024
3076 2062
4943 7448
6072 5026
7590 5844
3386 4818
2100 2294
4647 1859
179 8366
7764 3566
2660 4063
5473 5844
5916 5576
8850 6878
5953 7693
9573 3432
5094 9919
6759 5886
2918 563
6161 4312
6116 8366
2822 4768
5077 8804
3581 6161
5615 6918
4327 8457
2793 9376
5621 7590
1803 8804
1602 5916
1837 1410
758 7201
7784 7122
481 7879
1137 174
5666 760
4907 2294
8264 758
7479 4907
4255 9614
4191 9410
3834 5385
4899 8095
7030 5094
4788 7479
5551 9756
2929 3239
2136 5077
495 849
9926 5568
2086 758
1437 5702
5080 7479
7820 7493
9695 3313
4045 9055
1812 3571
6734 2718
4465 9663
2246 6684
2345 6962
423 6072
7342 7497
5281 8485
2670 7784
958 9997
8818 4063
2917 8264
6771 4185
6465 8818
4470 4045
6590 6771
3296 6052
3131 6505
8851 9323
5072 7342
5852 481
251 8091
4886 6521
4135 5844
8371 423
3966 5886
6488 7201
954 8804
7314 748
542 4934
2032 7493
4621 2100
6943 6072
8497 481
102 7348
3710 3165
7143 7030
6299 8025
9461 7041
2618 7150
4671 1859
5901 7024
4543 5094
3616 8024
735 4621
2397 6548
1754 7201
9552 9612
9370 3149
676 9833
3301 7493
4662 5957
257 6411
9556 3834
8566 542
1476 5473
3377 9552
2615 5576
5722 7726
8180 7764
9635 8091
3341 5714
1079 7530
1872 5551
7383 6218
5487 4171
4132 1837
4206 6411
9567 4267
4280 5621
6476 5714
4000 381
1474 7078
4249 3341
2540 8025
1819 1848
3028 6505
65 4191
6709 7024
6917 2918
2820 5702
9812 2257
5741 4087
592 2081
9909 1602
1677 3165
5657 5189
8176 4560
9676 938
1865 8371
6065 3149
212 6591
5602 8095
5523 966
5204 9271
2705 6250
4027 958
3378 4560
2558 958
8161 4206
9407 5094
9505 2246
9306 2161
2300 3116
3077 9271
5495 130
2064 2917
1308 3411
2350 1812
7709 4662
5643 2884
3929 9676
9626 5886
5956 8012
1632 8497
7969 5080
8826 2100
9622 676
3164 7542
1617 2918
2536 8161
1343 4249
9346 1848
2915 4255
3856 6465
1176 2718
5408 2718
8419 5848
1740 5953
2400 3077
9335 4788
6936 2918
3187 3856
7014 1754
2993 7764
7585 8850
9515 9926
9207 1617
5587 5741
3769 9612
290 7532
5768 4171
5154 7530
5413 7504
2402 3581
2811 3341
9677 5602
6301 4249
8722 6917
8525 9515
6594 6218
7885 2556
3182 8025
182 1837
1290 4943
9683 6052
6937 7969
9115 5988
5115 9833
1746 2257
9523 8347
1552 4560
2837 1848
4070 9306
7248 2660
8448 8566
7219 8366
8787 9523
8245 5957
9202 6218
4752 6161
1164 5094
1413 6917
9619 9635
1566 2400
7138 4805
9652 592
2147 3674
7957 7881
3589 6301
3492 8161
2941 7037
8060 2147
2019 5473
7729 7493
8550 5688
3515 9663
5971 7390
350 9676
731 7143
3522 3386
686 765
4332 896
7391 958
4319 1473
4540 1474
4369 7149
5533 3239
6313 4788
6233 3239
7299 2615
6088 5247
6859 5441
6787 6072
6495 542
5206 815
6375 1811
4026 6548
9892 9959
3401 7383
427 4026
3396 7122
1416 5886
5289 6488
1875 2402
888 1490
2190 7037
2151 3966
2690 6878
5114 2400
1234 5702
4012 3410
6551 8366
6619 6218
2977 9567
8250 954
3807 7784
5789 1437
4188 2811
5909 251
5110 7585
2495 9573
2703 9373
8117 8566
8964 3028
9916 9612
9114 485
9810 7201
435 3581
328 9567
1279 8525
7670 2161
5015 7493
9913 3411
4165 7078
8067 3377
3916 4191
2278 5844
4240 8497
2681 7391
2665 6590
45 9271
6617 4943
4039 328
3591 9622
6122 7957
557 6591
6843 5540
9914 2558
2245 9370
6747 8457
4942 5523
2177 6591
8828 5154
1792 5114
7450 9622
1532 5204
7775 7497
6404 1532
5000 7542
9409 7219
7768 3581
5357 9376
7637 5844
5871 4165
5646 9271
9381 9346
8611 5886
3705 6759
5586 5621
964 9676
9969 2161
3068 5953
4142 3164
2865 6288
85 7700
3026 7083
2880 888
4172 6843
7721 7992
6596 8419
8515 6496
6790 5551
8055 5568
7147 3131
7499 259
2365 6878
7284 2556
6840 1308
7417 4465
1227 1552
1368 8448
5966 5000
1810 423
6060 2064
9709 1848
5578 7764
5946 1837
2650 6299
9193 8055
1035 3028
5676 3153
8109 7248
6184 3301
5813 9115
5915 9926
9849 9612
9466 2019
3178 8640
8197 5413
2659 5206
788 45
7872 7462
7614 4647
1549 5026
1643 4461
1587 5355
9767 8176
9642 9849
3726 7194
4649 3187
5329 3164
9124 966
100 1746
16 4026
9629 4768
7026 3411
3937 5848
9925 6859
5203 3515
8036 7879
7618 7585
2696 3432
848 481
9641 7150
8360 7150
98 5576
4549 6495
5318 2190
1774 2865
2415 6301
2968 3726
4617 3802
3921 4188
4021 1476
8969 5355
1014 2415
1911 4633
3351 9663
918 4012
4910 2696
2228 9306
7648 3432
8627 2705
1194 1587
1502 5203
9394 1754
6143 5586
5274 8338
4097 7785
7340 7078
5380 1803
3554 5015
493 6594
3590 6122
2848 9969
7197 423
410 7026
9757 8012
8380 5916
4399 5080
4693 2811
279 676
7996 2350
6913 2929
6296 1865
5954 2918
5334 8818
2586 2918
5923 3377
7050 3581
3817 4063
9893 5110
1213 2556
7756 7450
8466 888
444 2540
354 9124
304 7735
7278 4172
3538 3592
3141 1682
5182 3026
831 7820
8834 65
6698 7670
9648 896
3025 4617
3801 4332
4794 3377
5800 8060
7169 2605
2472 888
6241 2968
2901 5203
5132 1490
3772 3726
2863 9641
657 918
9851 3153
2781 9757
4010 7024
7132 7342
1908 7390
3173 7820
2469 848
7619 2495
9589 7149
9042 7030
4350 9641
4761 2556
1756 4206
9514 5114
8905 4886
7062 4693
105 9552
7831 5666
2118 4240
5826 6116
3708 2147
9341 2365
8225 4171
9075 3581
3855 6771
981 8180
8382 8973
608 3377
2846 9652
8313 8371
1970 6010
1898 3591
6650 182
8184 788
8700 5446
612 1552
4778 5355
8954 8448
5122 918
7732 5578
7406 1587
7642 7969
6192 4332
2944 6161
6546 5742
2352 4118
554 5800
5716 9997
5958 2615
4522 7693
6718 2681
9440 4693
9685 3432
8661 6143
8713 9683
4581 1715
5536 4943
5762 6698
8170 6255
2761 1837
8601 7872
2334 3538
2533 5380
2801 3710
1381 3590
8799 2118
2045 6184
458 1532
8008 888
8512 6218
2521 608
380 7585
4466 5714
9229 2618
8728 9573
4488 4461
6468 8804
6957 4097
1230 3953
4282 9919
6984 8008
2676 5657
3399 5676
8490 3566
7778 1865
6600 5026
8869 8964
9322 6088
7994 8485
5880 4752
3543 8382
5369 1587
1885 6476
9596 7462
9168 4581
7948 966
6390 3817
8747 3432
3040 6878
3478 7390
6689 8700
8349 3411
6860 9523
5651 3772
4877 4805
6563 7623
3250 9242
1500 85
382 7619
6337 5702
486 2190
3352 2147
5300 5946
9309 7149
3456 657
7931 6957
2958 7768
4017 9614
2123 6404
6680 2136
7990 1859
1877 4240
3315 4907
5056 9709
7812 5578
8315 3289
7967 6933
8578 5666
7845 9925
4551 2703
6385 4805
1604 4191
9809 8448
9907 5289
2840 4943
7576 918
2215 3377
2137 5886
8027 7383
1145 3296
6765 3941
362 1865
8822 182
4872 858
4914 4649
8577 5702
9618 4913
7469 3076
5941 2605
8859 4943
7126 8578
9040 9913
1009 3591
2427 2352
341 4910
2675 5586
3895 2681
696 7497
2829 1885
709 4581
2627 5300
3085 4558
7386 423
9708 3624
855 9767
1747 4255
1332 4877
4202 4886
8128 3401
7977 5301
3805 1810
5164 4000
3006 552
7347 7390
9417 7037
7056 3571
187 3141
1469 8250
183 7585
6236 9323
7788 3627
3325 5857
9358 5971
6006 5523
17 1308
794 3571
808 2915
6372 9394
5196 2915
8014 858
7793 831
9127 4319
6019 6563
9082 6619
6437 435
4296 9893
144 3966
5804 3116
7899 2086
4205 5602
9679 9381
5537 3855
8745 6600
6447 6650
1661 7619
5269 3769
1267 6296
3577 2190
1415 3492
1345 552
8029 6361
4497 5852
3870 6468
2758 7618
2063 7778
1592 2540
215 8170
4077 9242
9854 9596
4755 6301
826 2615
7215 6913
7203 6339
9300 858
7995 257
7255 2659
2375 676
6069 7784
3088 6143
8891 7542
8980 5916
7404 4399
5743 1617
7298 1410
7228 6734
556 608
1338 6372
8388 3591
4601 6680
1100 1828
1876 5722
6345 9892
1378 4522
6688 5716
6888 5204
1542 6296
4689 2426
4134 2822
3993 2636
7779 3076
4791 4540
8052 9997
7227 2703
2434 5412
2381 3817
9471 6161
9406 7709
151 7885
3785 5182
2396 410
817 65
2269 3434
2678 9440
2020 1176
7546 9909
8732 2426
1580 1792
7067 8700
7220 6878
4949 5015
2316 9812
342 8851
6207 2627
6607 3040
1801 1754
8491 9202
8172 6060
9090 6619
5756 8055
9737 9373
7375 9207
834 3377
2491 9925
1407 7546
6380 9925
141 7404
3570 557
7135 3581
5437 5848
2330 7278
8613 6288
7802 9663
3969 2586
1650 130
6581 6878
7481 3478
845 7619
3605 8834
1384 1801
6386 9851
278 4010
5525 1469
3383 4070
2383 9202
6899 731
4446 4593
7840 2426
4681 7149
7189 3966
1146 2536
6501 2032
7572 8745
921 5886
7680 7014
1697 5551
1852 7201
48 6255
3851 7779
9474 2415
1731 6765
5214 1819
7853 5813
7728 6617
7509 3375
7329 8851
684 9757
121 1310
4509 2558
8959 5189
511 5441
4093 2703
1180 100
730 760
7320 3492
1337 121
7484 4039
7687 5804
3567 1345
6723 5813
152 8787
2492 4617
3804 6288
235 9026
8931 423
3194 855
2317 8012
1813 4319
1558 1230
6886 3153
9910 6465
9413 4132
4954 7509
8549 7417
5039 5189
8372 2491
1420 9925
8414 4549
5184 2118
9009 4249
5186 557
2340 1592
9918 9413
8629 4522
3970 5473
6215 4077
3125 4633
4980 2334
2089 2123
933 5072
7824 3616
2878 6299
3681 3642
2563 1848
3418 2556
5308 1811
9593 9204
7665 9309
1600 7788
9273 5203
3915 6899
4937 5958
6869 9471
5866 954
3095 794
1451 6594
9538 105
5429 2062
4136 1756
3017 7775
8872 7709
7829 2678
3218 7542
2963 9663
9420 8891
3015 2469
733 5380
8189 4142
3544 9082
7339 5329
2295 9114
5973 3239
3039 5657
4349 8787
5459 6943
9355 2400
7937 8025
7353 427
9139 933
7173 7879
5045 6468
7782 9737
9941 2958
4843 1852
9666 2352
6618 9833
7965 4021
5626 3834
2016 98
6946 6296
5378 2056
7088 8497
744 235
2520 1677
7006 3173
8138 1740
872 4470
4744 9926
652 625
8784 182
9393 7793
3300 758
5462 3289
4066 2269
9030 9854
8016 2968
3014 9393
2023 4312
8446 3025
2145 2365
6704 4010
2800 3015
3518 9969
536 85
370 1617
719 4497
8887 3554
589 1473
3253 6207
8082 9242
7861 2520
6675 8172
9038 7840
3111 2811
1038 7391
710 3014
1023 2977
6487 9809
2683 3301
6816 872
2292 7619
25 9322
7029 5318
8412 9573
3357 6546
2221 9849
3380 4319
4897 3522
5592 6296
8680 5844
7807 4843
4412 4093
8510 3567
680 8338
1077 1381
1957 1803
3615 5523
9485 1079
1192 921
9492 1580
81 4755
9902 6501
3576 684
7659 9629
4722 8457
9367 3538
1581 9556
8489 5241
4117 9373
2561 9505
5365 2257
4643 2703
2214 1030
2270 7469
7739 8466
1881 7768
6238 9851
5006 4134
9049 9851
4713 3377
2852 5971
1660 4134
4957 7298
3356 7150
3389 9407
2851 9909
9157 1566
3045 556
6332 6600
1685 5115
8505 5214
4169 5688
6847 3356
5873 9641
1252 1337
2393 370
9074 6238
9877 1602
1044 6465
8987 3590
5253 8382
8242 3726
2769 423
6323 6899
7236 3855
8898 2929
8169 16
9191 8485
2378 4761
5962 8872
3489 2563
2486 2016
8534 5954
8727 6468
9404 5540
6539 9556
6509 9907
3882 5329
3631 4543
8819 2852
1950 6250
7810 3571
4984 1542
9012 9959
3032 6010
2053 3624
8645 444
7124 7782
5155 2758
5519 5966
5093 964
2029 8347
8066 4522
8565 7824
8932 3300
3110 2118
9560 187
3190 7784
4670 5318
7410 8014
9956 6787
6820 6937
9043 9335
8557 3187
8928 4849
4636 3380
3059 7406
4841 4899
6039 7764
3326 2257
4615 6765
4919 9193
2374 3300
5639 3356
532 3970
3850 85
3730 354
3876 7173
6849 689
7374 3190
5348 7709
4530 9969
2997 652
3238 8745
371 1416
9869 3544
724 342
1895 6771
8635 7530
7369 7348
6665 981
1131 9677
2184 831
2235 592
2015 7284
5637 4788
4241 9492
4777 212
5982 9055
9362 495
3959 4097
8902 3434
639 4142
9133 144
6707 3514
5659 9596
7822 921
5374 5852
9311 5473
30 2064
2568 6465
5337 7824
1834 5615
6105 9370
5781 748
164 5646
2596 6675
601 4000
2891 1202
4387 8804
2551 686
1280 5459
5071 2270
8221 7342
1793 4319
6340 8577
7308 4530
750 5615
9507 5722
6668 1180
9724 7824
1316 8457
5418 5441
7633 381
7506 2929
7013 5189
4822 4045
8914 485
4983 3187
8768 5688
5331 102
7401 9695
6753 4240
4705 676
8857 5537
5066 5857
1242 1469
2496 1035
7045 3515
1517 1803
9903 7648
4364 2020
8755 2852
2711 7782
8339 1030
2565 9420
4099 3026
398 2375
6240 1145
2625 5301
5372 381
2299 3518
4569 9115
2779 8457
8357 6765
8986 5768
4189 7807
2050 7977
6867 7764
3787 9009
1832 3356
9103 179
8257 5958
5157 4934
998 1176
242 1202
6078 7969
348 444
8363 3548
8076 5916
4309 3590
6032 1194
1798 5441
9712 8549
3358 1698
4871 7308
8951 1798
3057 6215
8438 7493
6651 3870
8881 5637
7591 5973
5415 3059
8397 2536
4252 2852
1657 3289
129 4886
3438 8557
1206 9854
5340 3548
3906 7275
1729 6215
3987 5857
2783 3570
3696 8221
8223 3855
743 639
3092 3045
3704 4768
9623 6161
5727 8928
6613 9596
3602 2350
1868 1828
9995 4319
5541 9030
8590 7633
7123 7342
7758 3929
3455 3469
4091 4768
2739 3190
1611 98
8646 719
1764 9913
8328 6116
3672 6607
1387 848
4908 1587
7202 2495
7042 481
6580 5348
2125 164
9357 4099
4355 3059
6284 7881
8015 45
2437 5446
1189 3567
3620 794
9016 2536
204 7030
4005 1643
5387 9376
5097 2245
2242 9969
4416 4070
4776 17
7476 9157
7848 4908
2750 5308
9609 8818
1349 101
8681 6122
9759 9619
9176 9666
5432 3834
3043 4280
5786 4255
3640 5114
5906 212
5014 9918
9387 3165
9445 3326
6253 4010
300 709
4866 1764
7928 1213
7208 1872
7455 9790
4810 7829
2070 362
2939 2075
5469 9759
9806 735
5010 5551
9422 1542
7046 958
6209 5848
5794 5982
656 9877
9011 9589
346 5537
6119 444
7192 1194
5126 5736
3122 9663
8107 328
7174 6192
8737 4662
7072 9614
8063 8914
1565 9593
975 9049
6310 3959
2639 4980
6896 5973
7946 3383
1427 2029
9333 8109
8327 2472
824 1290
2141 9114
6259 3077
9986 5164
7900 2064
5802 5196
555 5982
6813 8550
1778 6771
4717 6116
6893 3581
6538 6499
3105 6468
3788 2125
7473 8313
1961 4983
2970 4309
2893 1756
644 8245
3392 8491
4285 5915
2348 3178
7058 5126
2514 7042
5313 1368
2692 8082
1724 7014
2040 6019
9037 2770
8751 1685
2069 3131
5835 5741
9156 4429
9664 7732
1058 7227
7897 6933
1541 4569
5883 4983
7019 3131
7551 102
6365 3095
1684 9074
3529 5369
2175 9229
3629 9341
8664 3125
1772 5114
4510 2063
2664 1746
2268 1872
7528 6065
479 204
897 4649
1744 7872
2624 1611
7800 2977
6802 7812
9551 4943
472 493
4926 3239
9736 1384
7629 2915
7781 7967
7559 2278
1537 8197
8035 1410
4762 2822
3980 6753
5236 6651
7400 3289
8733 8627
8530 6867
9520 2540
6497 3017
6367 3640
7852 1267
1097 85
4502 4551
8999 966
7980 2670
6064 4700
4475 6869
5422 6977
6272 2151
4588 3554
9529 1617
2194 3088
7634 7056
4856 8223
7120 7659
4559 8609
9210 5533
9880 7314
3467 2761
1909 3788
216 6272
4203 4937
7896 4087
3508 6116
8049 4689
9922 5340
9489 9090
4675 639
7332 7056
2094 6119
1156 9357
4634 8327
4195 3576
4008 6495
5416 9387
3942 2190
4086 686
5894 5269
7903 5412
3327 1852
6901 5337
3108 1801
1843 1474
6146 8727
8046 7347
9678 1566
6945 5844
4357 1038
8937 680
9443 2801
9819 5318
8204 9916
1232 5762
360 5077
7676 3389
3854 1565
5360 5688
1027 5957
1825 3515
1017 8954
1207 6709
1786 7019
8917 8629
4426 3615
5974 3548
9183 7619
3918 7670
8443 3602
2982 5866
8078 9756
3207 152
2484 9907
7008 8645
1152 8928
9813 601
6200 5097
4348 8170
4307 7546
712 1650
9054 2556
6523 4017
6097 9679
6165 6546
196 9016
6722 144
8217 8169
4574 3615
34 9413
3307 7339
9804 6917
1689 8664
7403 8755
6057 6771
7286 3801
8282 362
4719 5014
3134 9404
9441 8722
6643 6901
506 3966
9653 6899
861 7192
1359 3088
7934 7013
5111 3325
4462 7670
7951 8371
163 4086
4386 3386
2416 3410
8943 2627
4092 3164
7601 3511
6567 735
4955 410
430 481
8840 8015
8941 2069
3390 8512
8630 6039
4535 2350
84 2070
4749 3032
8137 4195
3329 9556
8353 8339
6312 7822
8675 3239
5791 3850
2022 3432
8312 105
9159 2958
6416 7623
6485 4132
7920 5880
1536 5676
408 6816
7943 4087
3499 6253
4580 5056
4354 758
3462 3187
2626 7248
5763 6240
1315 5916
6433 8999
3103 2820
4753 4099
1826 6945
2946 9335
7975 130
9738 3141
5411 5286
6315 8448
9172 5214
9845 4810
5511 8902
6519 2215
4080 8951
1497 4621
9518 3153
3618 7479
2776 2536
3257 2514
7066 6272
6254 2650
9981 849
6244 8169
6194 3095
6934 2840
7682 3577
6864 8223
792 1267
287 7726
2087 215
9344 2639
4971 5756
6782 6617
2541 9040
1320 7403
344 1476
6121 8917
6841 8999
3012 7637
2889 4077
9060 7829
6868 360
9643 6917
5133 7236
2859 5525
5577 2683
2358 1908
6264 9050
5233 1810
2224 9394
9630 8338
615 3014
2030 100
813 3325
336 5360
4616 4241
8224 9922
109 3704
67 599
4156 612
9472 9596
8875 4012
1393 1413
9004 9133
6172 5886
1372 1500
3269 788
6278 608
9088 6847
6302 7400
7086 2374
8043 2893
1830 3386
2869 2270
9369 1131
3082 8601
3670 8137
2384 5587
1495 3351
6213 5473
7704 5519
3010 6934
4020 2123
3310 3616
1123 3092
8311 2041
9791 9443
4044 9037
7901 8039
1075 7810
3920 9916
7982 8016
8690 2917
9363 9445
4073 2184
3644 7900
9249 6404
6317 6707
2771 7143
2844 2565
4669 8611
4684 1044
4874 7375
2372 7008
740 3592
4585 9370
2058 2374
7613 3920
814 3469
3720 5525
7442 2865
2789 2087
3400 6723
9325 8525
4821 2626
6829 7900
47 9754
3274 3165
5708 3274
8394 4097
3072 5962
2117 8818
7447 5651
1829 6057
567 2215
6536 6787
3558 6264
3857 608
1258 9202
1968 8818
2414 7996
1929 799
2527 5651
6858 8245
8523 696
2066 2561
566 3122
9206 2859
3979 5340
1584 3602
6120 9082
7091 4206
1447 5763
1354 7499
3950 4572
9531 3953
1053 2145
9855 9643
4880 9082
2843 2434
2559 5072
6492 2094
3700 2469
9968 4267
8307 6539
3797 7848
9138 1729
5697 48
1492 7903
8848 6192
2589 2235
8381 1632
5251 1079
9083 4752
8528 7585
9029 7348
8062 5742
3150 3411
4391 144
6632 6680
2701 2352
2810 9629
3721 7448
4028 4907
8352 9157
4524 4348
4654 7576
2284 5756
3184 1359
6090 9393
6127 1875
5597 1592
2205 4354
9400 2299
8587 9012
7789 6218
4388 7601
7918 1724
7387 7899
5830 7879
1278 2761
8299 1009
5793 2040
1282 4776
1562 5269
8075 9193
8119 966
1094 1384
4210 8973
4882 817
2060 3558
3367 1316
6235 2675
3243 4510
2685 9373
4395 2770
6940 6487
8709 7897
2244 102
5005 6813
8832 6722
2720 9903
393 7369
7986 4843
1200 84
3840 652
3919 183
6197 3805
1982 2358
8989 4282
4425 5154
8290 2136
4718 1316
7685 4241
7522 1437
5679 8075
4696 7885
7888 3131
9278 4777
2324 7936
2849 2381
6077 5852
4279 3017
7349 1315
2079 9791
2179 9642
739 8075
7835 6840
3871 9913
910 1235
2911 5348
4892 3605
9142 4877
7776 7700
1307 9387
1105 3710
706 7006
3760 7479
3898 2484
492 8512
8181 408
7139 2245
1485 9791
8262 6917
7218 2563
1457 164
4367 3087
9415 1828
7555 7203
9948 7383
4485 7693
425 7709
7020 3076
2337 9038
8141 8412
6417 7591
6730 1793
446 758
248 7037
3374 6868
9350 8055
181 799
7297 9619
2072 1473
5234 4203
3265 9721
1513 2365
2267 676
2005 7872
8968 813
1897 5077
5128 3006
7654 2769
9592 8855
718 5269
5876 4412
291 398
1745 3916
1204 6404
6559 858
3738 8311
2347 9854
5680 5536
8260 6077
9696 4195
7938 9696
8723 4822
4192 1473
7098 9242
3104 1192
7399 4615
4720 4822
4331 5679
8072 9204
9291 34
7839 8082
3814 2540
8695 601
1391 3500
6139 1968
6857 2779
3144 3455
8824 8645
4609 7946
3429 9358
5294 1053
4597 1803
1899 8366
2687 5360
120 1811
9289 6563
5927 8380
5573 182
1305 4696
3875 4957
5457 7030
7718 2558
8991 5680
9052 981
3023 6590
9811 8590
6341 3326
3258 7676
2728 1872
247 7928
7624 9679
5282 3639
12 4609
6023 9409
5400 16
6130 48
8725 2334
2482 4943
602 2050
6277 8987
2481 6172
459 9407
8145 6250
9895 130
9067 2739
436 5422
155 4044
8920 3327
9020 1368
5720 481
1953 1094
7470 4943
1707 6057
5489 8991
649 6859
8452 4843
6125 3462
6549 2880
2407 8137
3745 1310
6764 7728
266 4670
3477 5077
4589 2844
816 2415
8244 3814
6652 7417
5609 2324
2283 6519
1170 2917
7163 3875
970 5957
8310 9941
2734 9677
8153 9696
2730 5365
1991 4744
321 1552
6285 1077
4119 9678
3048 2997
4751 3257
1721 1200
5738 382
2369 3730
1933 7255
9209 506
7293 9191
806 5253
3549 9593
6289 3411
1301 9652
9299 5781
313 910
4437 3037
8653 5006
8269 2783
6141 5329
2680 4943
5435 4077
8303 2849
932 7067
7672 9679
4985 3307
6615 5577
5453 3150
2879 2820
7419 1492
5217 7885
2488 4822
6662 8869
911 4897
6358 259
6112 7215
5571 8523
5440 7484
3227 8928
1522 3296
6566 9103
8806 3010
4514 2393
972 2345
4405 48
394 5155
5995 9148
6212 2382
3539 3182
9161 7931
3275 7120
8030 3164
9662 8855
8364 4475
2606 6526
1638 9009
3163 5334
8144 2348
7451 8161
5655 9678
4879 7098
3179 6337
438 5537
6373 2538
5030 4689
9933 8030
1111 7203
1935 4920
7579 9083
6016 9204
9470 6688
5218 4086
833 5329
6656 7410
1482 5071
4852 2064
9637 346
2229 9207
5534 6581
8940 4762
3004 1536
4529 120
6397 3238
1669 7718
5162 8733
6400 1532
705 8931
3097 6505
1134 2800
9951 2155
1560 2214
2738 9011
7513 3456
299 7342
1221 5551
3376 7739
6515 6662
3524 3040
5147 9683
2024 4720
3861 5844
797 3258
4539 3738
2442 6650
3222 7680
4231 8412
1804 7980
4785 1416
6037 242
7004 6878
9872 9492
4123 5597
8532 9030
5811 6753
9266 3028
722 8466
627 8723
8118 7896
801 5337
9462 9893
284 1811
2933 7601
7010 9055
7346 5577
7191 4488
4975 740
780 5282
1596 7219
4193 6367
8455 1604
5320 1490
844 5029
4406 2878
4512 2893
3285 9355
1979 4616
8219 3544
9013 6759
7707 7072
9479 3898
3181 9492
309 7559
4547 7236
9782 4017
7557 7346
3811 2720
1425 6253
43 760
6443 2880
5584 8489
9646 2040
2261 1495
8793 1660
1757 5817
6900 921
384 9507
207 814
6431 4387
254 1474
387 8381
1749 6707
9320 8747
6537 2486
1101 7369
319 382
4740 7286
9274 6829
3128 1014
8796 5830
6589 911
8274 4039
2640 6753
9565 3639
8389 9756
3475 5495
3908 6917
8835 7042
9930 7822
6902 1746
9094 9845
2497 9662
7463 5597
8435 6497
5467 4267
5287 8728
7573 6386
5500 6465
1844 8327
6507 3274
3930 5714
9651 3529
873 5473
7502 2369
7114 8959
5606 4926
9843 5637
4468 5722
3564 849
617 1502
8037 5927
9000 1837
8856 1522
4275 4446
9180 4188
42 9159
6384 1038
2201 8312
4993 5844
2099 3088
5485 3721
8106 1202
8966 3285
5050 656
4789 3908
1330 7086
3848 9505
5012 4091
8682 5072
6641 3437
564 7897
3783 5894
6553 4203
9780 532
6482 2939
3493 6806
3763 8313
5458 4777
779 6052
843 8491
2272 6538
4546 3184
6079 9556
2500 4462
6587 9619
3531 342
1086 6340
7893 2625
26 9206
2796 9042
2483 5287
6541 1176
1013 3854
2890 6431
2432 4391
2031 706
8760 1562
6757 1935
7582 6064
8538 3919
3412 3028
3217 8244
962 8980
1942 2781
4125 9030
2948 7551
2548 2605
6091 1813
6750 1359
1159 6194
2144 4624
5508 849
4591 2300
5368 4569
2766 2246
4848 6945
66 130
4803 3307
6071 2058
7265 7865
5180 7419
2553 1232
857 627
9426 6443
6717 8307
5463 6272
2468 7228
7626 3076
7662 2618
7141 2758
4672 5320
5350 1584
8460 6372
6265 7400
2631 4391
904 7920
6438 2358
3135 6272
7313 8128
9117 4165
6126 6709
3431 2075
5138 1077
5284 7778
3487 4195
642 6651
3601 3549
89 9567
1741 1258
9397 3966
8878 4877
4112 8394
6605 6864
9066 6384
1296 1747
1717 8466
8243 5005
1636 1660
5678 1307
8003 5114
8686 3085
3510 6384
9829 8366
77 4093
7437 4879
6359 602
1728 9363
2866 8389
7895 3930
3419 9409
2519 4882
5349 4319
2329 9367
8006 6197
6371 5412
6601 7220
5060 9507
8146 7758
3782 2384
8469 6367
9283 1192
2409 5901
5700 6285
7864 3104
4078 7820
7372 7784
2688 4949
1993 9054
3519 1053
6695 5024
994 4549
7673 5789
3789 2016
9668 3462
353 5680
5068 1724
7841 3358
8911 705
270 9344
8785 7444
3791 6141
4304 8902
1489 7194
2090 105
9801 3592
974 436
6202 7810
9628 346
4306 9011
5195 3959
27 1935
1126 8590
6804 1698
5227 1320
4786 6695
2613 9833
1272 5155
4922 7375
4397 4296
2312 2561
8829 3522
1454 3378
984 5741
7876 1058
5645 5927
6732 6515
7836 4406
1923 3004
3494 3745
8871 7807
8216 6538
716 2796
3143 4634
8865 2849
4583 3726
3879 4597
4221 8898
3335 8733
9175 9646
8936 1632
6832 3357
7367 4588
8687 4399
8619 4395
6592 8016
4 8360
5136 5727
145 2970
5231 9406
6520 6097
1158 3953
4157 6375
1618 4803
2752 9589
5955 8902
9478 9969
9990 5577
7663 3566
4055 4539
1285 4954
6407 3173
9875 3918
4651 4539
4635 2483
6687 8260
2542 1126
1238 362
2185 9274
9607 2397
4904 4913
8669 2640
4708 7173
6828 9291
5414 1724
2712 5626
756 7654
9213 2613
3717 5014
3371 8549
7315 8466
510 6650
6484 7173
620 3752
8402 2578
312 9471
2792 4849
1871 6764
169 2771
9748 2211
76 4294
3445 5269
3751 8646
5910 8364
1884 780
3215 6244
6558 2268
6956 8630
1992 8713
3793 4892
4743 1596
8042 7339
1260 7367
7974 7367
1418 8373
2193 76
1666 7509
6392 2605
769 2848
6604 6240
1553 1596
4075 5958
5032 215
4051 8039
94 2267
2158 824
1900 2050
4680 4502
4959 8161
6191 1407
9884 1772
1064 3929
9929 9445
1716 1410
2231 2194
6835 7298
5482 1258
9217 2993
9131 8219
4436 3857
1175 1562
3646 4778
2638 506
2429 4744
4089 9757
6659 1618
7182 8664
7300 9114
4022 8049
9064 3258
759 6192
4300 5657
206 2427
7309 3791
2614 9191
7370 1152
240 7994
8192 6501
9303 381
9548 4157
9863 2578
9749 4740
4144 6804
1530 3194
2713 9630
5377 1492
3982 3059
9867 354
2343 1900
5513 1684
7797 3141
6352 4696
8678 1213
9475 4856
9480 4426
1293 9415
7018 848
5961 1908
5159 6718
8188 120
5859 8176
4924 3163
7536 7029
5942 5602
469 3456
2721 5523
5929 2151
3137 7174
5878 4502
5342 4954
9711 2533
4176 9548
9386 9518
6889 5844
598 5508
995 3811
8516 855
249 1834
7467 4975
5174 2081
550 6643
1966 7709
7703 1425
9167 7066
5272 5982
5041 2624
9900 4134
8803 249
5319 2482
4478 9369
2562 3856
3846 2184
7028 817
8636 6757
7195 532
9130 3571
478 9872
3595 8109
9185 2520
8108 642
6190 1541
6683 4350
7095 1282
9223 2852
3912 722
9962 7447
7769 6241
5965 9548
6186 6802
4797 7532
3485 8299
2976 8991
7011 8530
7519 4841
3968 6567
560 9956
2513 5473
5862 7614
5276 2099
7794 4805
6930 1230
9966 826
5967 7320
8272 7342
3084 9884
1360 6536
3038 7546
4976 5576
9190 7091
6360 7637
1851 4446
320 3207
8398 4202
6396 9115
3521 9083
7033 9202
4060 4350
3089 1638
2522 7899
8271 8491
3240 6680
2787 9138
4738 4496
2489 9462
8634 8611
1615 2783
1838 6386
5079 6253
747 6139
9102 26
2808 9478
5505 9648
5052 4880
1385 9668
2034 617
2754 1611
4623 6360
246 164
533 9204
8766 492
1119 2125
1969 1560
8021 2690
282 4617
3451 8787
6153 5793
3292 6332
5205 384
5273 6016
5837 5485
2313 9877
2887 4926
4276 7275
6157 6352
1166 5204
9416 5357
3233 5871
668 1164
1334 5621
5913 542
783 1898
577 4118
5992 3529
4068 2676
9260 7822
7558 1804
3354 8840
1770 9417
1423 7143
755 1530
7373 9892
5787 8402
7898 2638
8048 8078
7826 3646
3343 3032
205 2848
7378 5269
3234 3538
3822 6079
4881 6205
5548 3367
990 3941
6544 9358
9452 9492
5520 2792
3280 2231
7866 617
4567 5883
6508 6899
6614 857
7023 304
9740 3681
3379 6112
8047 3745
9702 9355
3270 8700
2998 6244
942 612
295 7139
1069 639
3448 4303
7905 291
9214 6886
920 9273
9669 5441
4614 4874
6991 5680
8251 5462
1081 2718
9701 2317
778 8027
230 7662
1018 7284
9870 1898
4541 8803
1906 408
3986 1792
1594 8078
3167 724
1049 2958
950 2365
7827 8879
1529 152
4710 6918
5677 5300
736 8490
7080 9306
1725 8328
6799 1532
6044 3475
7587 2915
6575 557
7225 8532
6413 5837
9682 5571
6459 5184
8546 5743
2510 2041
6573 4191
8759 2053
7232 6213
8186 3554
2371 3048
4121 9124
6729 2235
3612 6841
8033 89
8945 8299
8552 8282
819 4406
1752 2343
6627 4744
6003 4892
6181 4078
8149 3190
4336 2161
4278 4125
2709 4118
2996 4241
5575 3674
8361 7042
5090 8959
4133 7986
4905 9872
6634 6764
5529 7579
3983 8987
6770 7836
6565 427
3331 6417
1141 9845
6623 9685
6175 1908
9773 8197
1128 5272
3360 6600
9681 8796
2693 7555
3459 6120
4817 2866
5028 589
5869 5513
9275 4881
9697 8264
2152 9471
8214 7903
7106 2519
8115 1851
3003 7013
522 2944
2301 3057
3714 9922
1651 5446
9625 5174
1351 6933
1630 410
7162 6235
6275 861
1399 1285
8522 9552
2569 242
8308 5743
6745 743
6051 1630
9327 5568
618 6288
6513 9168
5020 7010
9952 1384
6132 9514
4182 5014
8287 430
711 2123
4997 649
3322 8448
4858 4574
3867 9646
4318 8682
9639 9757
2266 3993
1367 7417
1455 5714
3815 6940
700 7476
5326 5079
2106 7225
5516 2977
1247 4738
6058 6413
4925 1372
8044 5505
2422 6867
7763 9358
3754 6563
4626 5942
4645 2094
5362 1495
7176 9249
5814 328
3553 755
821 427
7875 196
2456 3215
4599 3445
3536 6091
3261 9479
9733 1875
8570 2720
7759 1202
4500 2358
8712 2269
8729 1615
8020 7150
5944 4886
6602 711
2940 1427
7214 9367
6133 8223
6638 696
8608 446
3304 5287
1668 1685
3725 1086
3955 1009
6772 3250
4158 6847
6762 2482
8767 6010
1270 9696
7119 3524
9553 6264
5394 4635
6920 257
1758 9206
9570 278
3472 5966
7607 6254
7842 995
1719 4975
7306 5602
68 3548
6308 1830
1894 430
434 2422
40 9327
7734 4319
2174 1746
9421 9471
2892 1098
1379 4397
2109 3015
3723 6495
8849 3357
6655 4580
3709 5387
5612 2066
4876 4240
8011 4509
5425 9075
7087 689
4427 3670
4360 5814
8395 5679
189 8108
9314 8108
5002 2551
4923 9952
3537 6920
5170 8911
8575 8271
8752 5639
4685 4913
9835 1415
1001 6130
6935 1770
3277 9426
8576 2970
3541 6010
4308 2968
9162 3233
1870 8678
5358 5679
1609 3772
5406 9300
6876 4636
214 9916
4362 9801
2471 7215
8764 172
5389 8850
8005 2650
9673 2393
3610 2261
9611 2703
9793 1123
3193 4971
2424 8804
6461 4822
5644 6600
749 4672
5139 2789
992 7896
4507 2437
5535 6060
6055 4509
5675 1154
7055 3493
1528 4318
4650 2998
4554 8851
4472 7502
2210 4634
8676 7685
4769 1232
2699 9333
5853 7831
1217 1457
3225 6431
7656 7202
6532 4558
3884 8850
2095 1252
3742 3763
8182 9161
2786 6006
1369 8025
241 8898
5698 7957
5410 1420
6978 7763
3388 5269
2390 9306
6281 7225
4281 6614
6724 1906
3565 950
4695 8515
7978 9485
8631 4279
7472 3399
9388 4192
5131 2801
7819 9845
296 7098
3339 3437
1147 7824
5452 9386
88 8245
9116 242
2328 6549
4519 4470
5539 3508
8771 7374
8720 3104
9414 4255
2004 2699
8234 6181
1127 9090
2298 6361
2995 7948
5514 861
613 3672
4262 5674
6454 689
488 8108
9734 5017
3944 1826
2133 715
8220 9124
4260 5482
5305 5536
8919 1793
6783 446
8993 2792
7168 8680
236 34
4011 2177
9391 7587
597 7897
3460 9335
7635 4117
9535 3577
7260 48
1520 5362
5502 716
4238 821
7714 7168
4237 2500
2451 42
8207 8747
5288 8720
2814 7633
2649 236
8509 8905
6199 8646
4564 1170
6138 9629
6779 152
333 7601
7094 6811
8423 3077
8560 67
8740 8771
4903 1014
8927 5425
9377 5866
6701 2527
4244 7546
7805 5956
8218 2548
157 6655
5345 2497
1833 4171
2326 1852
2773 3738
1043 8389
850 8859
499 2676
3036 4778
2048 6088
2805 3025
8621 7623
4967 2106
3800 2869
9615 5779
1901 589
7289 427
4274 2345
7224 9933
2990 8695
1653 3494
3934 5676
1068 6277
8261 2681
3139 7826
9610 3057
586 6181
8561 8037
9912 7951
3466 296
3810 8181
6171 9738
3995 9630
7694 5866
5631 2224
723 1728
6554 5859
6177 8353
4200 9701
4243 4192
2525 3817
7730 7881
6049 6209
2423 2016
8921 7782
6095 4583
2176 321
6179 9157
7523 3194
7741 849
8123 2889
3905 2070
8061 6765
9838 1895
3195 4913
6756 2145
6012 1369
4891 2231
8995 1828
9285 9309
7862 2267
5998 5066
947 6638
9135 9124
2127 3959
5527 2618
4714 3179
1978 8372
1683 601
6113 6194
1210 5813
1066 5982
5011 2745
6706 1520
208 9133
901 2294
5890 3929
8683 2175
1303 4643
8563 6461
5249 3882
4175 6365
4248 1838
9976 4364
1841 9185
8628 4260
2061 3134
8831 6600
2942 9013
2937 2434
7423 9489
366 8676
9272 2849
547 6659
2142 4908
9723 652
2895 9445
7352 2665
9935 8799
5172 8491
5 5826
4113 1592
9318 4205
666 8394
8089 299
4453 2442
7489 843
352 48
3201 7019
2218 6806
7500 9867
5875 813
4166 2299
6822 5597
9232 7969
8379 3045
7696 617
2984 9749
6387 1636
5547 3163
2798 8703
9189 592
3735 3077
7771 4957
4381 8865
3266 4547
9728 3187
8226 2313
3767 6945
1424 3970
7737 6589
8265 8832
1916 7306
3124 8570
3948 3708
8160 9249
6117 8339
9449 6205
6111 9016
8616 2789
5364 2294
4271 8682
9395 4923
8284 589
452 6878
1887 6889
8173 5804
9078 1513
868 7504
8739 1683
6766 3489
2609 1900
4674 2343
1431 2022
1626 6132
8486 7024
7456 7124
9431 8082
7942 5050
2460 2676
5785 8546
335 174
8545 1834
9187 1778
1672 9884
9647 5657
50 3817
4431 1935
7144 2224
3932 4710
6895 7404
2401 3848
8904 1609
2512 918
9225 3037
9954 5791
8633 2175
2603 7370
5038 6044
6305 8869
6300 9060
8710 4296
1783 4262
892 2890
4707 8964
437 1872
1997 1014
4245 65
4929 9400
1863 2070
5517 4654
3119 3045
3333 5602
487 7297
1691 1630
7244 5722
9218 8515
7458 3769
4463 8224
1309 1310
7060 2843
7461 7095
1321 2064
8101 712
2252 3854
1434 8127
403 696
8104 9395
3395 9299
5223 4176
4383 5489
4007 6753
63 3979
1713 2423
825 4078
3220 9064
5483 9206
6398 712
4594 350
3885 9452
8809 3131
1526 2432
7925 2252
1857 2699
414 8973
5818 6146
8598 9009
9287 6962
6682 3564
2501 5011
3007 295
7770 9622
965 1844
3766 2201
7468 1707
8212 765
1622 3003
4001 2649
8708 1911
6211 6125
186 4519
6399 2687
5248 6240
5004 6431
1329 2758
3964 9912
4356 3772
2359 6918
4644 1407
2555 8003
9796 9133
1438 9966
6166 2752
124 4077
7205 6055
6906 4872
5704 901
1680 5789
413 8402
465 81
4953 9287
5465 157
158 3097
5250 3028
420 6340
1762 3544
6225 855
4746 5004
3446 2106
6531 680
1365 3861
1382 2175
3902 4920
7416 6146
5798 7203
3678 478
3740 6601
7612 7203
8462 6205
154 6302
9072 8785
7252 4672
7744 6532
1275 5440
3633 8438
1821 9611
4311 765
4824 1227
107 9167
3052 9060
8102 4805
837 8265
412 1725
8644 4937
2623 8182
4736 9919
6891 1242
8783 1235
326 4182
5270 3595
7871 9466
3579 8751
5266 4822
7034 9333
6645 7546
3718 2424
9975 4252
3441 9701
2604 911
3727 1838
3651 5469
3246 2267
6493 2869
8977 9474
8451 9678
9268 6756
1598 206
4494 3640
3731 1764
4793 1884
5069 7601
9982 6889
624 1086
6414 724
5333 4007
8974 1725
5051 7864
9424 492
5892 4776
1019 2190
7575 4381
1842 892
1187 7275
3650 6006
2824 2843
7105 9266
9104 4195
5717 8353
4316 4000
515 3331
679 1812
4351 563
4083 4891
2248 532
5074 1813
8981 5458
8671 4882
9212 1190
7113 8809
8811 8172
9802 4303
8846 1282
7073 3017
9645 493
3687 6531
5344 8014
330 6141
7474 1558
704 2918
1446 1128
3424 4876
1250 296
6353 1899
2335 2639
9688 7587
83 2675
9328 5387
1178 9673
9095 7056
5280 1378
1253 9217
5590 7208
7207 4136
2515 6867
7097 4083
4338 4307
3575 8598
5016 6088
449 5281
4989 1927
224 1650
5960 6300
5472 212
2785 3570
9655 381
3818 4696
1980 2
6740 4336
3774 6604
6667 8887
4477 2348
8263 5009
9243 9910
9936 1232
5409 1786
7562 8966
2157 1622
9365 5453
8897 1310
4604 2946
8915 2880
2864 5590
3013 2500
4194 4569
7021 6764
367 9507
9284 4684
6084 6461
7581 2365
2823 9189
9211 5060
9245 3646
1229 6899
9524 3595
6842 7260
1246 9388
460 9029
4979 196
7276 3789
7701 9328
8842 9565
784 6729
5165 2514
4796 7055
1506 618
496 9736
6318 563
4767 6413
578 1119
9276 7726
5899 5789
4683 2358
7414 2334
925 371
6500 3437
1364 9505
9554 8532
6789 3995
6625 3514
2509 8842
6677 2940
5163 3510
3112 7450
9219 124
6796 6515
8854 8264
3099 4767
8573 9278
5285 5883
638 6272
2311 3128
8642 9000
5846 66
5759 7701
7136 515
2799 4718
6498 5217
5664 9979
1463 5422
4413 1615
9727 7499
5884 94
3267 7951
5649 9982
9822 8123
565 6940
6911 2381
273 7037
980 6888
3574 1778
4760 6548
2753 8104
1088 7737
8698 2269
3569 7037
3872 3791
4629 5236
5490 3766
8157 8239
6965 4749
1408 2970
4956 8635
256 6847
1610 8920
1776 5787
5228 8011
199 3128
1186 1863
1201 6549
4445 4027
6162 5387
5854 4210
9562 1811
6777 3696
3663 3039
5226 7019
4667 3639
2999 3650
1002 7406
827 2032
7319 5621
3900 5418
5113 4367
3961 4681
1095 3687
5303 9648
582 7680
2517 2278
3716 5459
147 1485
5732 1668
8674 5615
6586 3190
4199 3356
8344 6191
9516 2948
5706 493
2971 4675
2727 3181
8253 7029
5868 3915
4972 4245
4230 5606
8422 7951
8164 9440
2516 5380
7855 5319
9033 1105
9983 179
1085 2971
5650 2221
5484 9641
1766 9912
1209 1305
3121 2942
6833 6842
805 9867
7915 4427
4053 6594
7358 6380
9753 8486
3382 1434
6219 4175
9146 3155
3759 2569
2339 8299
5048 4171
4393 1660
1115 6779
4699 3983
9250 1900
2325 3536
5057 4217
2587 7087
1681 6709
9980 3315
663 151
908 8512
5354 1094
7550 6468
9781 6384
4966 7802
1326 4068
8083 8932
3874 1134
5167 1368
619 3149
8405 3704
8521 7058
9382 1451
7909 2540
5220 1610
9928 8164
4148 7390
3667 3201
5549 216
7475 4388
3473 1979
2447 2144
6986 5387
7363 7519
2078 1043
8445 1221
7615 9323
5494 8980
7233 8611
671 817
4637 7714
8658 16
3924 3644
1954 1200
1647 199
2474 7893
3133 4572
1795 8128
893 5217
8884 3380
5694 155
8950 5802
7249 1740
9530 3227
4343 7050
8558 844
7307 4230
7059 711
470 4700
790 9260
5981 9394
8544 2800
5881 2551
5022 2016
7923 4386
6739 7024
7199 947
146 9124
8248 4395
3568 7585
3203 1793
8749 6536
1738 7138
15 6718
6256 6165
9992 5147
379 1058
4370 9782
7689 8062
2732 6683
5219 5520
1016 4599
9800 7654
8392 7091
8535 8951
2945 1857
244 9990
3114 5853
5210 8066
6198 4316
464 7542
8569 2533
6838 7794
6504 4910
9163 4645
8618 7840
4523 2324
3676 3014
4828 6352
3939 2995
4801 1345
8564 4171
4233 5869
6316 50
8079 7163
4269 4502
2733 3033
3359 5266
4988 7045
4298 4649
5504 8349
1233 3007
8167 4997
6676 8544
19 9358
2584 2062
1960 4500
9383 6934
9513 4949
7708 6613
6330 1562
5082 1209
395 3964
4152 2589
3342 12
2832 1452
8431 3921
9045 3473
3965 8682
9203 8849
75 8904
8476 3627
5150 9618
5123 1630
3806 1343
1478 7489
6460 9723
5564 304
3094 8102
4545 3811
9345 6977
5376 731
4619 5942
5262 1480
9718 8161
2132 9346
8391 8153
6134 362
6760 1137
5515 7890
2981 3358
3283 9440
4790 9910
7209 1250
7711 1793
800 831
3858 478
4855 81
8086 1365
3949 1594
6108 1186
3188 4910
5070 8919
5983 2402
9073 2460
4366 2484
753 5523
3471 4879
7947 9090
8057 9124
74 3591
3314 4434
9079 2687
7081 748
3669 5223
1436 3040
1509 34
2010 1418
1641 9554
8249 8664
1237 5090
1608 7095
2247 613
8420 6977
5211 8720
3671 34
6597 8601
8166 4276
3833 9609
4565 5768
6137 7147
3852 4949
4102 4953
5003 1305
8949 6732
7815 4530
9949 7562
3393 6760
6136 2426
339 5038
1905 346
5861 4904
442 5804
545 8101
7882 8079
8201 1247
9587 3672
2493 6896
4373 8898
190 244
7480 2893
6331 4406
7554 5573
8994 6284
56 536
5256 7862
2439 6102
4450 7378
2073 5380
6894 5714
7157 4841
894 2359
915 7689
4758 5318
878 2497
2689 6732
6626 3595
8900 3726
6282 6199
7830 6766
6327 1420
6156 2783
1401 5609
3883 9441
6912 2034
519 1337
6510 1290
1142 9979
7327 2429
6905 1452
6328 7088
2857 2136
9433 4523
9510 2844
5229 1798
1695 1812
8428 7756
4555 1876
4607 2970
396 9083
8458 5300
6480 5540
5098 6656
885 9652
5839 888
2834 7013
8696 493
1928 6345
2458 3243
5681 2976
1663 8349
8697 5857
1149 980
2417 6816
9671 7358
6231 1715
9638 7467
5304 7506
1007 5519
1646 465
853 6895
1339 3615
9557 1632
2784 8486
562 8587
1169 4607
3509 3119
3664 9767
4056 6003
2842 3343
6733 408
8461 3912
4147 4089
1444 2261
7854 5587
4800 6762
1655 5147
373 6510
301 6057
3120 2750
2582 207
6434 3164
7111 5646
7746 7374
1135 2551
650 4943
4996 3793
5904 4307
8514 8578
1607 1213
5112 3968
8416 6933
7186 7363
2171 3331
2404 1600
2825 291
7507 6496
4688 9851
7160 9683
5359 6656
3324 1657
8594 3961
7719 8239
23 2822
3368 2278
8081 9910
6140 6764
1488 9083
5370 7008
3162 7737
2025 4907
6423 1647
7109 9796
6855 2102
1518 394
4234 1447
4745 8969
2914 5280
5102 2846
2323 3772
9403 9669
1633 9587
3808 2272
1072 4801
2007 9404
1896 6864
415 5016
2230 8081
60 4336
6993 4281
3189 5272
2467 9433
6159 8423
8670 9516
6778 8003
551 9472
3878 1282
846 2221
7664 8184
6848 9463
5797 4966
4978 9283
138 9207
1975 1993
7436 8784
7253 2998
3838 1909
4409 5666
2710 1495
125 8182
4960 8681
7180 1698
8600 4904
3729 4509
594 9440
1921 85
127 3059
6364 8048
6550 8850
8499 3271
4290 6385
2150 9565
6672 8749
2315 5473
3008 2298
8668 3970
3345 9629
8795 7372
5076 2136
7266 5865
7198 7306
9945 5463
7595 5024
2723 8380
9799 1368
7668 8015
5161 7793
5711 3898
8323 2060
4229 8681
1512 2796
264 7693
8191 7601
8742 644
3636 6488
9594 4468
4292 8523
1614 3633
456 4979
5795 1438
9580 1210
7193 254
2651 4298
1266 5587
5197 6843
7834 4546
7397 8119
7271 7468
8298 8722
6871 4348
7171 2268
1248 9983
7243 4805
5058 3870
5486 9373
7748 4123
5879 6993
7292 6399
8539 8363
3917 4872
952 9386
8051 4753
1185 7936
1572 4510
2438 9440
912 9053
5191 3296
4665 3644
5670 4465
1687 3135
1414 5578
6699 846
9143 2966
5238 3386
5399 4617
7568 6684
6800 8634
631 9949
5265 1541
9924 2981
6491 7746
879 8226
9234 9407
2714 335
4259 2230
959 684
9121 8709
5963 7286
7968 9587
3011 3669
9953 5020
5317 9426
5754 5068
6174 7132
1862 6488
4501 6265
4184 5191
1243 4298
4928 3164
4808 2887
4840 8578
9495 291
5907 2298
5673 3345
2412 4436
7627 7672
2706 5657
1576 8382
979 1278
4515 8728
1535 9043
6947 1485
2011 1125
5518 8859
267 2878
3812 3267
3373 5502
1616 7779
7145 3857
1705 3360
1005 6385
7883 8563
4610 1437
4479 2864
5799 5370
2131 6003
6909 207
3177 4007
6368 2542
3849 3285
707 5485
4739 9782
1938 736
368 2025
8430 2246
9988 4512
5801 2471
8692 2284
2836 5743
385 4753
1083 815
989 2016
5556 8303
8114 3810
6887 2893
673 4919
988 4045
8162 1019
6216 4194
9905 9645
2726 4808
9498 792
2930 312
2877 2390
2191 1482
233 2645
2839 8394
9517 1933
8861 4634
9555 9225
3604 5223
8731 4545
930 2781
5746 6513
2082 141
3703 2137
8000 5459
1029 147
3645 857
1807 6296
6647 6551
8200 2968
5395 469
6354 7138
1216 4821
294 2248
2648 6161
8309 8184
2504 2158
5447 3884
9150 3715
6356 3033
9282 7386
7477 4983
5135 9376
5667 2996
8492 5818
3835 8379
757 7192
5461 2087
4664 7018
5471 354
8010 5779
596 1474
2973 888
2332 4148
4153 5204
9126 8915
7362 257
4452 4068
4906 8104
776 9127
8890 205
1331 2000
8427 8697
3546 5597
7621 3529
4424 9229
6382 4762
5663 7479
9279 1611
5669 420
3572 3642
2012 4240
2169 4877
702 34
9119 4233
6620 4166
1034 7664
2115 4093
7877 6682
6808 1558
1579 413
1163 6592
6980 1360
7131 9708
483 7852
6076 9791
3364 5465
4747 6060
9908 1651
6005 396
8472 7978
3100 2930
6247 4820
4660 5220
7959 2472
3244 7685
6054 1427
3454 9328
7933 9156
2634 4007
6418 9884
8574 7920
7902 1309
4398 7629
1767 6497
7531 7332
3054 1767
3461 6480
5428 1206
1228 1079
9036 7080
9821 8167
8744 1832
4341 1905
7724 639
91 4409
8437 4462
6755 1034
8417 7769
389 3471
9506 7050
1048 2335
6528 4564
7823 3437
8805 4311
7541 9529
3127 4248
7743 2968
4219 4745
8038 4091
5721 8512
864 9681
1873 4651
8132 4929
3520 966
8334 7815
3404 2958
7932 552
6015 5955
4120 9148
3242 173
3911 6891
6725 1754
2826 1689
447 6978
2646 4849
7529 4674
8639 1898
1973 6371
222 9556
2449 4086
1198 2552
4595 2370
8839 3536
4389 861
8103 3726
502 5645
2595 3919
7987 756
9898 8831
5034 8977
2273 4156
8591 5663
8247 4971
5310 6600
2919 5318
2084 8217
5887 3314
7553 3856
8659 3620
1777 456
8450 8049
1910 8216
8756 259
391 9190
4814 9799
4160 9845
7563 9914
6189 7612
8503 8012
2321 5791
6942 5998
2628 7743
2333 3038
7054 9806
8126 7419
2731 3140
2535 9445
1733 9635
7259 222
377 1502
2791 9355
8288 1817
9719 4001
8983 3377
9763 8839
2065 3242
1971 4988
7121 215
5008 5112
8355 8010
8555 2468
113 2099
2716 4786
2925 3529
1722 1308
9147 2665
1412 1457
8657 7113
2140 9638
7395 3153
4390 4089
7460 4055
6263 2125
2057 9929
168 2535
4178 2596
5352 5883
4575 7327
4587 7770
8383 9843
6691 3854
7112 338
976 8911
1472 8550
8074 9719
8387 6957
6027 3674
7736 3867
9450 3195
2873 602
7492 7098
7261 4119
7381 7840
6716 319
588 9919
7457 1830
2385 4955
1148 7437
6743 4008
2932 8644
4869 1764
1878 3112
1627 8000
5774 2784
1304 2895
767 7243
1732 6397
6738 6493
3638 3729
4029 2458
6533 279
1835 1885
1711 4200
5343 2334
3047 7419
4180 5516
5579 7087
2162 7739
9542 7968
8393 1542
5842 3531
9197 8720
4763 8181
2485 145
8113 6387
5628 2688
331 2603
2103 2703
7295 6777
3093 2878
6346 3854
369 6218
1375 1285
3221 15
9897 4665
8171 3045
9280 2770
6309 7793
3695 6945
253 7416
7537 9926
3208 7039
7165 9362
2672 5547
6726 8555
5224 6407
6383 2891
6885 6895
6543 3150
4107 4669
2573 207
7688 7275
5821 7424
7445 76
8209 8565
2821 2409
3946 1098
5933 3460
9996 1607
7196 5282
5492 495
8317 8544
9215 9829
4504 7339
6671 5883
405 7484
4041 5590
8833 2631
8603 5540
4759 5695
2055 747
7620 7550
2928 2958
9199 1200
4215 4650
6953 5410
5200 4759
6926 8435
8001 8680
3819 9143
2446 65
4598 7771
6458 6650
5302 3441
9032 3700
7684 1957
9827 9757
4779 5547
8663 8035
832 2201
7273 8091
1753 9804
6442 4565
1824 4203
9839 9592
5545 2863
9379 9529
448 9757
5455 7060
2138 3620
5479 6398
2124 5597
5898 3097
6115 7643
9262 5666
2362 3014
2003 9032
1662 9863
480 2347
9372 5801
512 1966
7229 7756
3790 1416
228 3418
5314 3543
2459 980
1606 3367
7760 7824
8354 4210
568 9685
3421 4230
5040 9945
8843 8987
171 2783
9310 5017
7527 6310
4401 7696
1355 6587
8773 7775
6444 6404
9598 5418
1597 5017
2571 4194
576 3089
5089 918
9582 6077
3679 8700
2962 1597
6692 7481
9606 6554
4170 1757
4916 638
6666 8539
7858 8389
5968 6143
8623 1100
1945 2347
9993 4176
3765 4237
2222 368
572 7528
7453 4509
5918 9593
2858 8616
1704 704
2319 8668
9764 6256
5316 9131
2967 7054
1903 4507
327 9673
674 488
4126 1997
1136 7386
153 6765
8233 9191
5629 8101
5596 2705
6292 2295
135 3448
4149 4298
9305 4364
7341 3424
6839 9782
3896 4300
2143 2527
1241 2753
1649 7624
3749 5211
4394 4354
226 9291
6570 4644
3753 436
432 23
2059 2675
3630 2343
136 226
3113 267
8447 1682
1256 3301
4124 8587
6819 8051
5129 6288
2682 1427
732 3564
306 2940
8456 9279
57 4039
6530 7014
6158 9303
2757 398
4339 2231
8548 5131
9025 3570
3891 1489
8320 2171
8568 9078
1335 1111
7870 7902
5439 2603
7204 8995
5221 8171
1814 5717
3060 5039
4447 5727
789 976
2289 4524
3423 3082
6489 2836
2039 4720
9295 1497
7731 6392
8504 749
5559 3013
1750 2687
6874 7730
9402 3874
5335 2483
6432 2516
8065 5335
324 190
6583 2636
654 5768
7262 7273
4727 9461
3241 4928
4521 8522
6347 1916
5244 6698
8322 1186
5036 1817
1703 2515
6453 1842
3192 8414
1109 1770
9508 4980
1974 3529
4284 1201
5723 5314
7200 5576
2715 3421
1292 9575
6801 4623
5277 9320
4130 7293
3677 4629
2743 2718
41 7769
8252 1813
7715 5494
5949 4876
9051 2734
3628 2552
5773 5865
5383 1235
2165 9282
6844 5282
6234 3346
9824 9800
2355 5549
852 6570
8892 8067
7859 456
5105 1974
7268 6565
6087 480
9068 885
5245 7062
3935 8712
8513 3296
3096 4075
9366 3192
7296 7370
7844 436
7490 2023
977 2890
1491 2893
2927 6667
3784 9172
1963 3953
1028 3579
1791 9517
4018 4447
5531 9951
9437 2137
6403 30
3770 780
9444 3788
9746 1669
2091 2945
2936 4412
6464 6942
7103 2011
6477 3783
1132 849
1621 1266
9660 5677
8190 5459
1902 1175
8837 4949
5404 7721
8691 3638
8662 1175
9680 8392
317 7558
9832 1083
2148 6920
8163 2100
9240 8357
3109 2102
8946 2458
7334 1163
2741 8062
6440 706
5710 2183
8377 6956
1443 4195
9396 6497
2206 3104
3744 1705
8934 7275
7706 4515
7981 6464
4115 7387
6422 5036
347 2685
4534 5057
3138 7268
7998 1489
6267 2446
468 9626
5685 5098
5176 8282
9658 6156
6545 1777
614 1490
6826 6682
1468 427
7636 6254
6221 8920
1805 6231
1624 5076
1781 7042
9525 5149
8434 3375
6542 515
7272 7227
2314 7621
8694 4093
9324 4949
9787 4080
4676 5471
7279 4763
928 8623
6964 4165
4129 7951
9620 8695
4600 710
762 7327
3847 8891
1613 5256
1143 6991
5591 9966
4024 3800
2903 2869
5124 7771
3287 6607
1403 8510
7649 2095
9389 2586
8004 4785
9778 5071
882 3833
8772 4494
3928 7477
3074 3331
5566 6891
9100 8940
9772 704
2282 5005
9974 5759
8896 3602
2046 1916
4586 4797
70 9225
7691 8936
3061 6250
9911 362
4536 8146
5092 6822
781 8222
2080 1364
3372 8980
8984 3788
5140 7028
1039 1581
2874 5004
9632 7271
406 6667
4657 4351
9465 6367
4754 7019
6988 6315
1730 562
6348 6543
5752 9300
4421 3564
1273 1147
1268 9975
307 1305
8087 7194
2028 2930
6217 8902
3974 228
3957 5060
9608 2834
3416 4413
3281 4680
2508 1817
8667 8570
622 861
9483 3970
9155 2826
9771 9974
6204 9858
9946 8621
7723 8869
7153 758
5382 4580
4322 1290
687 6158
6320 8522
8198 5657
2399 2627
7808 8561
5120 1502
8926 3432
3637 8176
6062 1307
1244 4369
7745 2143
8801 7642
7449 5666
6950 8630
2338 3135
5554 6483
4825 3395
1276 7056
1696 9402
7 5518
9024 9592
5757 460
7222 3164
5557 6495
9336 456
1799 8744
809 299
787 2649
2071 2699
3317 2060
7639 1607
3496 892
5692 164
9920 9212
6780 7298
2897 190
4225 2193
3967 8951
2428 815
2959 2332
7188 3010
9014 236
9468 3190
390 1184
4103 6485
9263 5004
675 8207
880 3955
6014 2626
8909 1500
7464 6320
9098 565
5493 769
4104 9373
7803 7883
9564 7054
8058 8946
475 1650
5808 449
8758 8398
6478 7842
5061 152
7140 6724
4372 278
494 369
8960 186
3231 7244
7867 8039
4314 3651
8386 8671
1775 2709
2043 9827
6630 533
1504 338
4836 9094
4428 2510
9195 3630
3442 2672
7592 9611
4701 1754
7312 3817
6185 2294
8439 3941
7548 5927
9194 1304
9891 5132
8626 9918
3223 8322
4986 89
4019 7551
2590 1272
6056 2191
1965 565
5897 9897
7750 1414
6992 7313
951 3082
7084 7500
2974 478
7031 9283
9859 1184
5477 4267
62 1532
4578 2626
793 7841
345 6688
4323 5272
4320 7199
194 9274
9246 1228
8877 8676
2307 3359
1116 3473
1215 5120
3691 5060
2906 7112
9490 5422
4831 204
4518 8160
6873 5492
2187 705
5855 9607
7913 4203
8786 1622
6268 920
2241 6340
8426 2791
8778 7888
3175 3558
2938 1909
923 8225
3580 1345
9659 2495
8302 9194
3430 9719
7525 4801
6736 6165
2545 2439
5640 4597
1182 8366
5373 3725
8988 4840
2943 4695
8721 5211
2263 5695
3302 1537
9814 1909
6287 3885
4246 3642
6572 9664
364 4879
2128 7872
6232 3549
9887 4427
1946 2472
2594 5736
3656 4445
31 2162
122 6369
9113 8437
4783 2701
9915 9282
898 9118
4784 6431
6622 8854
7754 9073
1122 2664
5939 5965
5100 6354
5063 799
9536 2294
477 976
7337 5373
4725 6281
6409 3519
6068 7436
1448 4626
5864 9618
3530 8700
9405 3567
2408 1953
2327 2618
1693 6873
6070 2814
7917 5435
2835 2629
1570 479
8441 6820
8022 4805
6294 6369
7065 3300
3407 7723
2875 6171
8912 2175
7604 141
4612 8006
8099 3906
773 2371
5127 8455
3405 8200
3166 1256
1854 2973
5718 321
8433 2458
913 4523
6793 4755
7452 8181
9375 5200
7671 6136
8838 2317
1459 2864
6089 7532
9006 3964
3685 3645
3295 7903
1299 3167
466 100
8553 41
6435 3964
697 3918
3584 7982
5993 3670
8093 1221
937 7709
8562 5262
9650 8263
6441 5861
4371 6838
7904 427
6810 3282
7409 8312
3029 7938
3090 4625
6961 1894
3414 4822
6875 2046
7892 9445
6642 684
7838 743
9805 631
9769 7858
9321 4281
6807 7255
4939 338
7954 2123
1987 1851
3046 7272
2868 4304
1008 3105
4015 8737
7777 4721
5168 8994
7178 3467
7115 4545
4095 5287
8273 5774
3573 6947
2336 9849
3483 9197
2076 928
909 8950
8468 8909
5104 2459
1138 4026
8972 850
634 9410
7000 6498
4224 3430
1956 3150
968 8272
6929 5238
595 3478
2108 68
6082 9417
9684 2020
4862 551
7256 9043
9349 846
4042 3047
6579 3395
5945 4323
9491 8784
5978 1894
6660 4922
6363 7980
6106 9575
8196 186
8059 477
3971 1233
6164 9858
5526 7173
7384 1365
4286 3234
1589 5837
2989 9159
5912 4262
5134 6627
3860 1843
9670 1526
4072 7834
7727 6523
1959 4500
6721 819
678 2299
2111 2784
8436 60
963 7042
1421 1425
1245 7812
188 7937
8131 7714
6249 8796
667 7902
8827 7527
7690 4157
7921 1416
6834 8387
8537 7222
2026 9168
7598 367
1341 6347
8595 5284
8053 466
4006 932
3363 4881
8526 5432
160 7946
3413 5910
2280 247
9343 2299
3365 1754
340 2456
6649 4496
7578 27
2258 2313
9216 966
4498 657
1519 1687
8229 6430
9865 2571
3625 1997
5622 2801
5737 3767
2700 4595
8971 2033
7772 1529
9840 4924
1439 992
7357 7691
2679 1697
5964 7756
1525 3731
828 3382
3768 9495
3732 9452
498 5504
5121 618
728 385
7907 1689
2168 759
8235 2459
3433 853
2767 9283
9667 8126
2957 9193
1523 5357
1277 3105
237 8355
6511 506
293 6491
2419 2514
4048 3627
5618 6980
1464 5431
211 56
3420 8176
2386 5134
3517 5721
374 1111
986 4855
8588 9119
5390 3524
1283 5754
9418 8235
2554 1587
8602 6477
4563 7957
8454 5399
14 4397
9774 7313
9758 7232
9188 6119
9717 91
8762 8244
6343 7855
8908 5774
9713 4281
3680 2437
9604 5471
8906 9287
2216 6476
5662 5708
3985 1008
3755 2875
1591 7416
3263 5422
8407 9104
7804 8831
4887 1369
8506 1213
20 1273
3083 937
8195 6625
9906 2540
2052 4205
8293 9920
2357 4841
2342 8073
5166 5869
3724 3529
9797 9936
7653 7735
6966 7704
8356 8725
2987 928
5044 3045
3845 8033
1869 8645
8889 2514
1026 9726
708 3577
8175 475
4236 1290
5290 8981
1499 4022
1358 2026
276 8887
7325 9490
1664 405
4561 4633
5932 815
670 5857
7047 2892
8699 6485
439 8803
8174 8538
4489 1536
2768 7745
8579 3685
6321 7968
6928 8162
3927 8892
5608 979
4150 7735
3945 5695
3652 1360
9224 169
9939 5390
404 8106
2913 241
1346 2495
3316 7265
1892 3637
6018 3966
3098 1911
8748 98
8403 5266
3337 1711
5648 8243
7099 8021
4379 155
1546 6461
3743 8395
197 6873
7686 5670
4930 3915
2042 8217
7611 8327
9923 1517
8615 9824
1191 7805
8901 6716
7681 4559
1059 8771
1494 4144
2114 4343
9408 2508
7049 3630
9904 4060
9171 7248
5858 3752
5055 2058
807 2730
609 2640
3480 7709
3406 4367
1720 7278
4932 1414
914 5056
8798 7723
1940 5551
3837 5680
8761 7788
8023 7248
6439 5720
2461 313
2804 4405
8135 6202
3235 6409
3334 8311
1912 5441
4865 8699
5043 1360
200 5737
7593 5349
2630 2273
5619 2075
8453 9611
4058 7048
1937 7228
982 6868
4931 8437
8054 5802
8105 925
4552 4903
9783 6675
9429 7019
2819 438
1205 8602
3249 7670
8085 2078
6222 6241
3596 3624
9435 1862
2952 7865
6938 730
7051 9726
8815 9935
6471 1671
4467 2675
1096 5826
4698 4142
9624 1187
5684 6465
8326 4908
18 6339
6096 4768
4415 5513
4974 2887
553 6294
580 8448
1113 6871
1300 9223
2274 2609
8374 9909
6866 1821
4748 4942
4495 984
9825 3054
428 6060
3209 2383
7725 5941
4340 4739
7583 2681
9125 2348
1988 1469
5729 2943
3963 9274
5407 41
6970 1438
6227 7409
1510 6318
903 5159
4590 9953
2900 551
7190 7352
5507 1234
1710 7735
7780 8877
3978 3576
9842 9373
8596 3467
3940 7595
3237 6382
6187 5048
8788 9161
5257 2416
6851 7536
6987 4300
357 2767
559 4574
2356 1125
9201 7278
5603 4467
7545 7312
170 8422
3219 5313
5991 9343
862 2161
7184 8630
6711 3801
7226 3377
2188 7507
4562 1409
8547 6656
1880 8946
3361 6729
4347 4000
7277 8322
5851 2879
5153 2798
1319 7951
659 2651
1484 9575
6578 5180
4046 3983
934 937
3551 9314
6000 2045
777 1587
5246 5273
6073 1927
842 3667
5213 1957
4212 2221
6678 6324
232 624
6981 4794
8962 797
376 5329
1866 1813
2830 6820
38 2407
5544 8729
881 236
1398 2651
220 7595
8215 5159
1311 7457
5275 5960
3213 4647
5109 9791
4288 9639
1658 1077
7677 1643
2305 3222
7738 3785
8882 1530
1225 6299
462 8783
6969 1243
5816 136
9153 3227
1435 1614
4214 565
7953 8107
4940 1253
5025 8119
5436 9688
2772 6641
2831 4332
1487 6505
530 6643
9447 7672
4471 823
3526 5350
2209 2569
8641 6289
4548 3149
4173 3679
6379 8698
3975 6337
4108 4644
3349 5576
4860 6247
6338 5132
7156 264
3734 5679
9081 2636
4941 4134
8013 1581
4417 9992
7128 6813
1208 2582
1955 3975
1284 3275
7712 4259
4410 7041
8704 3787
7134 1878
2287 1270
870 8380
454 4858
9521 7687
8390 7957
7517 614
1411 2857
9151 2187
1788 7232
5778 374
7428 9869
1932 2984
6025 9560
1344 2399
6781 4955
5194 294
8359 3566
4487 8049
6297 8060
6960 3784
397 4237
4678 183
7625 5477
5315 7541
5984 1929
1503 8629
6408 1330
7075 8983
8148 5927
5730 1650
6366 7883
5448 9859
8194 7369
1996 9926
87 2372
3117 1786
9938 9163
6094 2041
5726 3263
4032 5606
2452 2161
9179 9711
9732 1671
2518 9219
292 3558
3892 7497
822 7157
9500 4395
3682 9995
6862 9622
2641 6579
9820 147
7589 3301
8774 5887
4407 9403
2113 9117
6749 1147
9595 984
69 707
7651 5494
8424 6209
1024 7122
9943 3028
97 2089
1858 8380
9392 1352
316 5548
9456 2109
2092 904
4573 9976
5169 9773
3409 1778
1883 8357
148 7899
3049 8602
7560 3644
8187 5385
6295 3301
2281 4405
5260 1643
1543 5609
6021 6174
8883 4580
4050 483
6670 4354
5728 2492
9890 5663
4944 7436
5951 7789
9007 2595
2286 9988
3599 7651
4780 5519
4443 4042
9241 5927
29 4796
6081 4099
8527 5787
5156 7397
1986 347
2655 8737
4352 6602
8963 1752
4531 4409
997 9664
6293 5274
2740 6366
8858 8242
4003 4743
2671 4199
3273 4214
450 4103
6029 5870
1701 1957
6351 1615
8279 2316
7125 6745
8283 2491
3587 7271
426 5469
6700 6885
7599 5954
9003 9030
6636 8102
9496 7034
9220 5238
4326 9754
6429 299
7494 6134
2860 23
2154 2769
3873 1701
2291 8634
7873 9081
3254 2648
2524 4610
5926 3364
2198 6339
461 1821
653 7969
1302 3368
473 9573
5171 5155
8471 6211
9486 9470
7323 8136
8084 8762
6046 1987
6786 7309
8656 7072
1595 1535
8139 937
4228 1148
3020 5495
7515 38
7206 4597
999 7810
6178 6461
227 7083
8724 8000
7983 1088
1718 5030
1820 7515
2694 2358
1289 7802
9899 2851
6147 5991
9061 9456
5042 436
3172 5122
9178 9389
2585 5909
4263 612
8413 6225
6948 3948
1694 485
2574 3487
6336 6833
1569 7836
1605 2785
9236 4078
4813 2183
9776 986
7496 4290
5920 3837
8301 9604
8477 5500
6045 6096
4301 7436
343 784
5509 8078
2591 8692
5638 8984
3607 673
5831 3026
9152 5389
6154 1552
9716 9296
5292 3508
6910 4383
1939 757
4770 6139
5339 4825
6298 9218
734 3134
3792 7933
2809 6647
4375 1558
4250 8299
7001 8946
9270 6432
6463 3738
6809 7763
6524 3508
7742 9250
571 4022
8935 3201
604 5447
8814 1536
983 6323
889 2338
451 5409
8789 6181
3146 3745
4853 3076
9342 566
2505 6687
8362 8233
6784 4769
4620 1489
2494 5621
9177 1135
8045 2517
4411 313
7170 2113
2260 4784
3877 5988
3198 9596
4639 2641
6571 6666
7910 4954
8567 227
9497 8476
1493 5606
5327 4497
9879 1049
3560 7372
8116 3835
52 8680
9035 2347
2275 781
2013 2348
9228 1650
6924 8710
2309 5077
8292 1401
4480 7367
3118 7893
8844 7369
8852 8854
1984 8901
5466 6408
1867 7325
6904 6838
1763 2911
1080 1272
7524 6993
8736 5571
491 3782
929 3932
6735 4421
5480 5389
2186 3624
5948 9035
4377 9162
4420 9038
2724 5502
8970 7903
3907 2504
5623 925
3031 1296
1977 1869
1297 3948
7250 6662
6629 5123
9442 2819
4037 5878
7116 9309
2653 2718
6494 8476
8899 9223
5914 5331
8267 3325
5031 7106
5770 7244
6123 5988
9237 6530
5216 4480
9729 1884
2172 5698
3897 8135
4584 3411
7146 370
5143 5164
5328 2451
2361 4146
1879 3965
926 4311
3169 6159
9371 5681
3071 6493
2669 6343
6362 5626
3251 7738
116 7449
281 5050
3795 6177
4851 756
8592 1459
7843 1795
8925 4926
9181 2834
9970 2224
7333 8220
289 4042
714 3566
856 4269
1625 7202
941 5798
5470 3157
6335 5728
2652 3993
5538 5698
9703 2201
5921 6573
3621 6365
5398 5089
9364 8422
80 1137
7571 7033
9057 6796
4222 9559
5724 2561
7064 3732
9269 6018
8259 3874
540 2218
637 6029
1619 7213
8648 4924
1915 62
5691 550
523 9391
9423 4524
1784 710
1291 2810
1370 845
2575 7923
3626 7473
3278 6190
2153 1111
4061 2312
4861 6847
4177 1911
4251 5881
7588 7590
3268 9740
1787 7953
6290 9614
6086 8184
5510 9456
6479 9596
8685 344
6663 4688
2379 5249
2972 7182
2303 4322
2430 8293
6585 9719
1779 7307
8365 2342
7223 6900
128 4793
7015 4470
9848 385
6712 1331
10 9387
4819 8290
8324 9193
285 9033
5049 4585
9076 7756
9446 1457
86 3190
7966 901
2847 4955
7964 2492
7053 6052
2448 331
2581 5692
5924 9562
9816 7078
1981 5162
3958 1044
8305 4405
3863 4671
6568 5008
7267 8594
4491 8349
161 7010
262 1217
8985 1996
4196 9490
4694 4406
9960 8200
9458 807
6042 7200
28 7743
3159 8081
7025 7468
7833 1589
8707 3906
9577 8176
4532 3986
9722 3726
3001 8301
1052 4405
8607 7046
7868 7147
3044 4491
2764 9100
22 6259
6011 2998
3255 3240
8203 4176
3899 6790
5840 3326
1628 8166
9686 9575
3988 1666
5141 1744
3981 8219
1797 7202
6349 1579
6251 7378
2503 1632
6797 4028
1090 4306
5805 7966
3145 7451
9856 9598
9888 2209
1640 1129
6426 345
4894 3466
7238 1416
7485 151
1994 3473
6248 5511
1941 7463
1998 2474
6224 1603
9251 2563
6388 5201
6518 9381
3171 5098
6694 9994
5325 2655
1686 8698
9876 6675
1022 9206
2790 282
524 8141
890 4332
6922 2720
8847 3721
9576 8219
1012 8251
9973 5308
4396 9405
225 5993
9955 8657
3778 9981
8735 9955
2742 3726
2668 733
9779 4941
7884 1159
4493 3874
9149 714
9572 6834
726 157
7068 9897
2507 5038
2717 3867
504 6441
9093 5805
7821 2613
4613 9949
2440 5573
8976 7233
548 5507
3170 3543
8679 9582
5701 1865
4023 1223
9165 3760
1471 2699
4168 2860
9070 559
4730 9406
269 750
8406 244
2002 5912
9044 6362
692 7160
6569 3053
159 8871
1967 8882
629 4558
9028 7453
6612 7728
3453 8950
4842 2499
5561 1049
8289 5868
5474 4698
9099 4048
2601 8371
3780 6137
4137 3571
6830 4119
6865 9521
8982 4842
5943 7822
8726 5115
8763 8681
8330 7665
8965 6585
2219 4957
3862 9090
4517 5643
1197 3238
1907 8917
7791 235
9208 4205
3206 9289
2644 4783
2922 3499
6879 7724
5099 7190
258 8082
2735 3569
2037 448
5977 7634
8031 719
4264 1877
7324 1987
2795 1154
8502 7637
7697 4609
9874 4633
3675 6965
4893 9628
6686 403
643 4923
8276 8102
6252 637
955 4739
4772 3146
8120 4115
558 3765
9087 2281
7422 8972
1515 8981
3555 7132
5583 3475
9254 3244
7107 1085
5836 9500
7828 276
7860 7677
8418 6284
3973 2371
5146 1007
3516 7276
8651 2578
6131 7199
2405 2155
6038 2787
8410 2711
9071 4671
5972 9514
9247 7527
411 2946
8346 1859
7017 26
1612 911
5381 9746
288 4104
4927 1561
9390 5710
7104 9124
6995 241
4542 6296
9602 499
133 4539
8821 3892
9798 3263
8111 7804
5599 6106
3512 7673
9860 2136
1328 8214
4756 6655
5546 6218
4128 4943
2049 2114
2567 2724
4787 3169
3148 4443
9690 4676
9111 1300
5703 6575
6737 6695
9137 8879
8296 1710
7290 7182
847 408
2960 5659
960 2033
3505 5098
1815 8608
4834 3838
9484 4522
143 9619
9847 832
2436 3687
863 319
7512 4780
6109 2263
2528 3685
2531 7474
8790 148
8584 8547
6646 8497
8741 5472
7940 312
6939 7827
585 3011
7090 9625
2101 9449
7354 1307
4715 4614
7394 8914
5769 5708
7318 7620
1692 3612
4950 8840
3168 47
9788 757
7388 596
4592 4993
3027 1008
9257 6459
5751 5920
4324 6735
8823 6930
3598 2779
948 7448
1708 8008
8088 1316
1082 9842
5605 7551
2817 2952
8998 4954
895 9228
4948 6476
3323 4825
9714 1884
3381 1885
4691 7648
6182 5494
9361 1111
1395 8989
1773 5964
8944 1202
7518 589
1150 862
1765 6722
4330 216
6001 749
9894 5260
7257 4271
7433 2029
2935 7213
636 5244
9537 2485
1853 7456
7282 2655
2557 9386
7926 1763
8647 7026
5456 6835
9569 9721
4857 1345
7211 960
126 6385
8495 8541
4981 4104
2539 5948
6334 5480
6445 3885
2120 5260
5705 4908
4628 7444
5745 9279
4378 4447
7263 2942
2389 1221
6311 4112
5707 8846
7988 2582
9549 3048
1055 2507
3435 7196
3191 1740
513 4046
5215 889
8281 9609
7846 6211
1108 1804
1889 5471
2009 4135
9987 7041
7264 8356
8688 244
1806 5967
2237 5818
996 5109
6557 3329
7960 7095
2818 7404
2418 5006
4438 4510
8660 107
4444 3765
4951 423
1003 9273
6788 8471
5142 449
5550 3882
1714 6364
6393 1981
3056 3500
2612 8851
7368 31
1422 9377
5075 8460
9578 5058
3533 7885
8240 4292
8715 7386
9334 9641
8211 9602
2119 3520
7321 5074
4096 8575
7412 5674
4043 6464
5755 5203
1527 2345
7100 9559
7945 4034
5496 8020
7538 9461
9105 687
1264 9578
3826 8828
9315 7708
2888 3483
6959 3573
1808 4046
9864 7226
3886 913
5309 9323
508 1096
2955 8687
4550 8558
8032 9764
4257 8640
9192 7582
4729 7054
1450 2786
5307 6014
2881 4545
3954 3459
9380 2555
694 5858
2388 5463
3582 2879
3214 8505
7420 6015
630 3127
4631 6458
2047 2842
4830 2316
351 9163
737 1901
2544 3204
6150 2169
5555 2046
9316 4195
2806 2313
4227 4118
5261 5168
8213 8310
8650 9177
5689 6708
5931 1608
2454 736
5311 7243
8122 1810
8610 3592
5582 9716
1404 7502
9205 7468
9590 614
5375 1797
3160 7618
6114 9658
9412 4997
5107 3601
6041 7967
9196 3274
1962 6055
8677 9746
4520 8772
6932 8279
5693 2037
7533 7147
9725 1180
6685 4530
9164 8248
8275 805
6639 9282
5990 2165
5081 9838
3417 5697
6752 9218
8684 8109
2411 5110
9616 779
6669 736
1483 7668
5085 9067
4503 205
9281 1980
2208 6064
3291 7194
3248 343
9866 5080
1193 2769
3820 5014
3465 3257
4430 7049
9947 1280
2979 9344
2961 2568
1827 6984
2320 9134
7187 4193
7816 6822
1673 4724
1578 6961
8165 9847
2406 8818
5252 9300
6696 3995
2373 9677
4963 7386
7418 9309
386 4056
8351 1228
1574 7662
677 4248
2608 996
7003 3295
4764 319
8449 1008
4492 2781
5451 8048
6985 7184
7077 5142
9511 4324
8064 1738
9360 3343
6923 8123
5073 9322
6648 2145
7991 2034
467 8134
8874 4981
2134 5596
7317 7222
2394 4624
5239 5331
9438 5745
471 7758
9048 5052
9603 3473
6270 766
3864 8761
5007 6752
691 4996
4002 155
4901 7512
741 5105
3232 9266
137 1910
5361 6175
5947 9569
9482 5350
3796 6947
940 2605
4138 2327
1534 3381
9091 1343
3938 9098
8845 3177
1737 6334
1735 2043
7798 8926
2225 6977
2126 4236
8385 3970
8955 9309
6856 6910
9546 2820
8820 5229
7749 7780
4076 3500
1588 6136
836 8960
703 7797
1575 3601
6506 3489
2854 1217
3474 2854
5772 4340
5735 9445
9964 1175
3841 3596
9745 1835
5499 4172
1648 9426
8508 3029
8210 847
2583 4976
3739 1368
4159 6189
2391 1643
1333 2039
1802 3441
6748 7965
134 1412
8143 2593
9566 1001
4742 5714
7274 389
4835 7353
5396 3789
6674 7436
6968 488
7118 6926
1458 1992
4239 496
3384 5344
3859 1948
4741 6077
7757 2041
9427 4203
7137 719
8070 9840
4197 6111
1890 8708
6168 2655
7356 7318
7036 5599
8738 9383
5001 1286
4481 8264
3151 4202
4798 6716
727 9083
7698 816
8885 8897
503 6876
5086 2922
9253 7871
3205 2913
798 3978
1676 8200
7963 2507
6007 3231
1849 5162
6914 2231
8369 3435
4837 2361
2203 6414
9374 5907
803 3310
7234 502
8432 1890
8853 5236
4867 6162
1281 687
1140 2796
3654 7257
9826 3789
7863 1604
4207 6492
255 5479
5570 8674
8625 6153
804 4240
5130 4853
2008 6379
8158 2520
2673 3987
9368 6764
4666 5329
5917 2735
2455 8684
5627 4224
1130 3863
3881 2092
2122 3302
2506 3395
2896 4246
8957 9067
3972 9228
3748 9810
4864 5710
7245 4867
3825 9439
8571 1556
4100 7670
2360 4318
5512 6538
8230 1722
7722 778
8533 7111
2318 6058
5896 1677
4826 8091
3609 1289
8792 2505
9998 9594
1021 5797
6821 4192
1743 9369
6979 8190
7185 996
2534 1308
9795 2879
3058 4267
265 9626
3403 8003
725 9175
9807 1013
2876 2770
3821 3094
3931 890
2841 2878
9292 9993
2236 4552
8442 3146
1046 1355
1173 8165
2156 254
3634 8453
166 1663
9184 2997
5934 5109
669 1767
768 2007
7398 3191
1442 3514
1861 6240
9836 9263
4476 1968
7044 4429
1888 2086
140 7649
660 7097
6009 4073
3444 1221
3794 3027
2902 3899
4945 2541
6931 8021
5324 1229
6402 5309
1061 3907
8429 9295
1726 6591
4709 9535
7717 1977
8830 3283
1563 2321
5815 8423
5336 2864
4809 5093
4863 9081
2044 4296
5820 5641
6794 8289
8916 9729
9720 2519
8316 7731
6377 3822
8069 9970
7617 8954
3951 4020
795 2873
6927 1359
9031 3227
2239 410
9656 5907
2537 1359
3030 5262
5021 9127
9399 4754
978 2115
1456 7983
5604 3849
2725 6197
6774 5447
3062 6272
2691 3072
2006 5878
5885 4610
2643 9150
8350 724
2931 3843
633 10
8286 1480
2392 9759
1110 9604
9005 5555
6958 9962
4361 6438
4668 9043
4235 2691
2812 4768
7878 7528
10000 9495
3534 5846
6040 911
1000 2291
9109 4466
9481 3654
4596 3993
9160 5318
6100 9783
6144 2881
9313 1079
8958 3060
1496 4468
305 8877
7251 3097
9841 8495
9689 5887
544 8856
8953 5648
3578 5603
7869 863
5824 3420
7101 8287
5780 4175
3762 4657
4765 6018
2470 5596
5908 7416
416 6037
3102 9524
575 7363
9519 9206
9277 3551
5299 5844
4289 5692
5353 7195
167 760
1181 7227
3501 9022
591 9204
5125 5516
8232 4117
4556 8282
2736 3169
4994 4701
9307 861
7564 9031
4652 6397
6376 206
3064 614
4850 1334
3525 5700
1748 9791
8612 6207
1239 670
8270 8595
6754 8356
7483 1328
7606 2608
8652 8061
1723 7116
4499 3820
2027 8821
1577 94
8026 3108
4081 5162
5222 9680
6486 8230
5760 8678
2855 6308
1524 1184
4111 7349
6098 700
2181 578
1919 8326
3777 70
8278 3275
9533 2062
2018 3671
672 2381
8765 1589
9579 6577
6036 3752
6004 240
647 7863
8 5128
3776 181
2435 1088
6892 8180
6606 4891
402 2032
5295 9373
5027 6225
8673 4950
3614 5079
2196 2292
7503 4108
3697 7042
9473 3919
5312 7754
6574 5768
7316 4698
1419 9280
2502 9135
2816 88
2684 612
4577 6007
6872 4315
2991 4247
1533 6950
7939 7327
1951 8771
1475 6809
4896 9712
5764 9520
5423 6411
1639 220
3452 3729
104 4599
8409 5362
7407 8466
2367 5547
1340 9357
4155 3043
8294 6617
8624 7527
1323 3382
1917 9478
4038 4581
8007 2059
5687 5791
7402 673
3293 5995
286 2103
7666 1008
7040 2616
303 4563
8368 5203
3853 8510
6713 5414
3385 282
8408 8316
6067 4373
9605 8301
4218 179
9332 7249
8519 4477
3050 8904
7408 3331
2199 762
8942 2627
2722 8253
9499 2675
2775 2499
1162 2940
7269 9377
4528 2109
4603 4176
3844 38
1547 5885
2934 9031
2487 552
308 8421
5980 4042
7790 8393
5588 4932
4277 4558
6280 2289
6973 5200
3180 5482
1366 8187
4991 1733
9786 7904
7880 6651
4404 496
812 7923
2853 4444
688 3209
9583 8020
1033 1646
7009 1669
2748 28
1990 131
2366 2396
4658 1616
8050 540
6818 9310
7952 5349
9636 6893
9534 1613
4553 3565
4337 2933
6742 4429
8488 4137
1702 6782
584 5272
5449 4696
7874 5195
3887 7072
967 8113
8769 4001
6637 2416
5148 5648
841 3720
6727 5892
8540 2145
4469 2488
1585 5483
3067 9638
9687 8089
8092 4401
1347 7893
7535 3921
180 5493
5715 1801
6257 8508
5405 2825
1056 4777
5332 1510
6775 3372
78 7991
8464 5597
7221 5818
3747 6904
1785 5327
1177 1062
5384 320
6907 2822
4712 990
5450 9253
6401 7938
1557 1793
1348 6667
8910 4281
1084 7651
3264 6091
2530 4378
698 8644
2354 9052
2160 4000
9455 7992
6919 7143
7747 6010
5775 7003
6503 1799
4773 65
7291 5606
5900 4068
1656 4364
3449 1459
520 1300
9885 9680
203 9014
7847 2569
5501 8763
8494 4767
8090 7995
4618 4312
876 2652
1882 2080
7108 8403
521 9656
4253 5802
6467 8233
4566 4199
4627 5619
3741 6453
5116 4365
3019 3590
7753 2503
9252 8796
6815 6000
957 9909
4057 8669
6481 960
1010 1589
2038 9369
238 5655
4474 8972
7071 4230
9693 5768
2288 9774
3889 788
3425 2636
8018 8890
4473 9275
5661 5956
297 390
2635 9040
4909 2446
1386 719
7495 1973
4731 2822
6059 3618
9182 4948
6370 9266
1943 9783
3202 1496
5192 652
7155 3907
1445 6913
3832 1718
569 3469
4082 8852
4704 2486
3997 4129
1249 6687
8077 1073
4009 448
7092 387
2570 1473
6976 6735
5607 2502
4109 8338
2129 1007
9775 1733
175 2902
4582 5958
1590 1813
1893 427
3228 8163
3562 3291
7602 9237
9337 8815
7478 4244
811 5147
2543 6164
6206 9733
2666 172
1218 6917
9453 5398
7151 3966
6167 4503
8617 5943
2255 8677
5574 1996
9937 5048
7766 9055
1139 3420
5145 454
7837 9953
5624 2835
6705 4379
3370 6308
2749 7000
8952 6327
5208 7554
3080 2752
7795 4407
3984 3911
2054 6918
5212 4372
7305 735
6020 986
4353 9867
7652 5145
3158 2134
1312 653
1102 7219
9065 2165
1836 9240
905 9623
8800 5340
6195 9031
4456 2050
2395 4144
59 4126
7179 1308
7692 1058
2346 3043
2550 2945
3660 1966
7510 3649
9248 5015
2445 2103
9255 879
7645 8839
1174 9395
9352 2681
3635 9352
3063 4100
7610 1300
4938 823
6456 5519
9297 8858
8922 1633
1688 9683
8306 6191
8893 10
6344 1844
1924 7704
4884 1105
9735 4528
7061 2531
810 5194
5497 6331
4272 8980
8017 4536
7491 7229
2014 6361
5491 7581
4201 6136
114 1286
8880 1605
902 9381
7074 2171
9106 3944
7129 4461
9476 614
5600 4756
4687 8133
5558 4950
7906 9373
1809 6423
9008 3225
1168 3423
4895 1493
4433 8105
9198 9910
6673 3068
7710 5759
5054 1487
574 3429
2410 9951
3540 2154
2116 4108
1855 4598
6877 9925
3597 1917
1559 8983
6425 807
6837 6707
35 1955
8975 9083
9401 8733
5426 2257
9747 2891
7177 2519
661 6113
3561 6979
2271 997
6529 2037
9258 4166
3622 6186
5827 9514
1789 2919
7674 256
7908 3140
3073 8136
2017 2889
1816 841
8325 1108
482 4290
509 1119
3990 7623
4181 179
579 3410
2112 3053
991 8875
5783 6930
2807 3378
4516 9910
3350 5982
250 3849
5322 2245
6274 4721
5994 1447
4663 7659
4141 7234
2622 9945
4648 9260
6635 2966
2658 2026
3542 74
2464 8578
6269 8250
8702 9974
7683 4046
4775 2723
3130 3774
7603 905
4868 2842
392 2693
3391 5457
6744 7180
7350 9289
6616 6354
5872 7271
7813 9167
3488 3235
7761 9795
2747 1111
4570 8713
3688 9625
1089 1669
4295 6247
1644 1821
4630 1774
5013 7201
2602 353
5975 6206
9200 559
5891 809
8493 2758
8474 18
3936 1809
8208 1177
1780 7727
2908 7192
1151 7394
9784 6007
884 7964
993 6327
8237 1500
1874 5068
4458 19
3305 843
4527 6565
44 7282
9889 9549
1567 9369
3320 1033
6776 8681
4167 6497
1195 6942
818 3082
6805 5861
2978 9793
5207 7399
3066 8433
1759 8752
4576 9310
1665 8104
6768 5602
7970 7663
2813 8132
7894 7051
7216 5128
5893 5861
1160 1443
3230 7522
7158 9180
7979 6887
245 1234
9526 3077
6229 4658
1045 4727
1120 4234
5046 1134
8655 4687
5530 1105
1479 7943
5672 9228
3216 4050
922 6930
6628 5797
5713 3325
5709 1795
4774 6726
1516 3741
632 3950
1989 1900
79 9636
8478 7479
1214 5643
9794 3122
5478 2328
418 2333
7949 4168
6951 8116
6472 6060
9293 7610
5625 8309
851 9193
4014 9007
3362 9402
3387 2175
9574 6760
9002 3218
36 3805
4711 8735
4969 342
9917 8334
7792 9791
1324 6262
4537 8307
3757 702
729 2813
1220 7092
5903 2117
796 9668
1313 704
4079 2073
7303 2114
5792 5948
3504 1496
9108 8849
2760 1073
9227 7723
1690 2659
4873 3494
2600 4994
4127 4765
1011 9930
3661 1038
9312 9884
919 4027
7930 4487
2376 8014
5278 3145
4261 6065
5118 7889
6350 2124
8870 2618
7366 8735
6466 2267
8572 2896
5188 7496
9097 4320
329 2770
4384 6771
5532 2461
4287 921
4878 8963
9528 8566
8992 5176
7962 1715
5240 4763
3632 7581
5179 4547
6303 7251
1623 2699
5784 8789
5259 2076
355 1270
421 3821
2431 3631
271 3187
3866 1075
2845 3160
231 4434
1734 735
695 6666
417 7731
4448 3232
7154 1829
7166 6244
1054 9812
431 7474
1327 1354
337 6671
5298 5749
5202 8616
9633 9031
717 5244
8797 9341
6593 7557
21 8749
4605 9392
3594 7271
2364 3515
7360 9880
2110 4072
9527 4540
771 374
6124 947
1259 988
310 3753
3426 3730
7411 1662
9541 3428
2149 8113
1203 6287
4105 1359
1583 3062
561 5343
4209 9275
8507 9262
8124 9939
7429 2509
1161 8790
4653 6472
2475 9689
7565 9320
3336 1324
2617 7898
2523 8109
6427 7606
541 3806
8399 8756
6002 2845
4403 3892
195 4189
8097 2785
8254 3568
4999 7136
6449 1752
3486 9608
489 290
4854 9702
6322 458
5843 6764
378 6707
2104 5247
9654 5517
2746 1478
7924 818
1796 4729
8597 3499
1712 86
7984 7595
8757 4562
1063 2724
6514 4607
39 5906
2674 9734
2107 9218
6633 7409
518 5024
1564 5871
1179 5544
4781 1977
5225 4412
7355 2821
2632 9813
664 9995
3535 8184
514 379
3947 9962
2797 7980
6104 6683
6394 6682
314 9106
2413 1458
365 1379
139 308
2580 1745
6048 5107
3836 6118
583 1407
6261 2590
9290 6717
4297 2574
8582 5978
6882 6063
3527 3385
8256 492
1952 5513
7569 4257
4642 9225
7345 530
9961 1744
5889 7734
5267 7083
1751 9664
5613 8569
3613 3383
8415 5410
4568 1026
8524 4869
1376 3570
3913 7238
8939 8049
2293 1749
3827 7484
1794 8158
2599 660
5187 8379
4911 7263
5572 2011
2856 981
1508 5331
3658 7410
623 2617
6030 2518
6527 1378
7247 5846
6517 5583
4013 6496
3319 2110
3212 8468
8378 9557
71 7873
969 8563
1568 2079
3926 4550
221 1879
9347 4919
9901 575
6245 4777
5601 4048
7093 7031
4655 9070
6846 1249
917 8089
8873 2193
1091 148
9477 785
1211 8089
213 3616
4641 3676
7596 6849
5630 8270
6024 5141
1891 7029
9846 1961
3813 3755
6415 5899
7389 6438
2572 9859
5895 8835
3196 1039
1092 608
7258 8117
517 929
9710 9670
8717 5500
7796 1321
2883 7258
8775 327
6053 7478
162 1408
1501 7479
2163 630
8864 542
8554 3681
2433 7984
4505 5212
606 9229
7426 5949
1389 9668
8734 5555
1925 83
1065 2715
6761 8415
9744 3133
4116 815
774 7009
5594 4239
682 3817
9571 6790
7281 3974
4690 760
2368 8731
9261 5057
3662 207
5733 6010
2251 1213
2621 9067
1700 4103
4174 1340
7440 5736
4376 4298
8193 9684
865 7550
6994 7776
6307 2267
4782 8756
8483 9905
3865 3100
8295 6819
7311 6181
5321 6869
7287 4237
9339 8891
6475 1456
2920 1997
5922 9887
7511 8097
7142 8441
6043 2356
1818 8148
7886 9484
2353 9537
5341 1063
176 8619
8156 7197
419 8601
9730 3605
8096 4166
3369 6566
6824 9280
2907 2030
5087 1445
8604 425
6357 4411
90 2241
8140 7174
6798 7599
3450 5209
6661 1887
4143 4259
4992 2952
9765 7618
9634 2575
8168 4895
5190 1618
4106 8687
2529 2582
1157 62
3479 6036
8888 9456
7540 5992
2833 7981
6374 2723
4579 2190
4346 5983
600 994
6884 3067
8782 3361
9550 12
3606 2018
6033 4768
2130 5837
1050 4301
2443 6269
1362 3229
274 8076
9665 208
3922 6630
5053 7212
3022 9310
2619 800
525 8032
516 9395
7713 7697
5297 4290
3775 3871
1390 966
7505 7948
1371 461
3690 5034
4040 4252
4363 2932
6814 4699
6421 7848
4088 8932
3910 965
6512 5813
7133 8609
1470 5414
359 2846
3199 1997
4321 9366
8151 9907
4656 1246
4186 5303
2815 5733
3557 8168
6603 3926
5860 1308
7667 9171
3210 6659
5173 9305
9586 5817
7914 6923
363 3623
3545 5016
2466 6800
1363 6673
531 5615
3344 4444
6391 6506
9235 725
9145 1316
985 8021
5420 5162
9844 7268
3091 3626
9436 2079
7801 4713
2546 99
6792 618
1322 6167
7849 4523
3286 3847
7594 4404
3397 1755
8112 9759
1540 1138
8041 8101
961 6704
9244 1347
9761 9679
3498 1807
3890 1358
2377 5339
5653 215
6640 9776
1453 1948
4659 4610
3312 9854
8583 7635
7435 3717
8028 3020
2698 8764
4140 7775
8719 3351
8714 2104
6547 6205
9504 9081
6845 998
931 2090
2657 2740
874 5456
3463 1399
4804 3023
9096 3724
4449 4554
8716 6027
7359 5546
6279 2694
4085 623
505 1162
1845 8615
9021 4720
534 5137
5078 2057
7622 4647
7971 7015
1856 7568
8605 4731
4374 2971
8770 692
9233 3966
7459 1676
7985 493
9457 7340
3996 6199
5969 2606
2098 9708
3245 9227
9584 179
7705 4125
7382 5568
4216 7646
8375 4861
2250 1028
3436 8745
9999 6344
8155 1524
5442 4127
944 8865
6389 2023
490 698
1040 6184
3183 8773
1629 3571
8342 1050
5683 6373
6854 8286
5744 6912
5777 4522
3476 9951
5445 6509
7038 7205
9298 5451
2233 1108
4703 8598
4890 5702
7413 8831
6342 3333
2882 8441
6972 2961
9694 9664
6163 2961
4622 2011
3701 2619
859 5962
5421 3982
4732 4691
5888 9205
6239 1150
5096 2301
3035 227
9317 6072
8779 5847
8860 3339
943 7710
2021 4285
7773 4601
2476 3310
2173 7026
9985 7592
2277 5451
9459 7899
3550 3557
4293 7759
1353 2454
3816 8984
2170 6411
9522 6981
3340 7362
6954 1746
9675 1925
7294 1454
3086 3182
1417 881
699 3489
4067 3124
5936 2771
3686 8209
4232 3530
5686 1489
4917 8215
6609 3271
2828 7065
7972 6423
5682 8131
8411 4790
3764 7132
5654 5975
323 5934
399 7000
9059 9951
6890 2050
7427 7383
3976 4919
2564 4176
7005 9007
96 4631
7632 3237
1121 6839
6582 7168
8862 4882
5766 8386
9861 7095
1920 5074
3665 8187
9302 922
5834 6084
7371 5148
1886 1941
277 6886
3756 9638
8110 3861
6286 855
6827 4656
429 7449
5083 210
8781 7015
7832 6557
3655 4850
7052 4222
5393 1612
2478 7988
8632 5173
7246 5947
539 8074
5254 7684
3398 2151
3129 9040
7385 4309
9896 3688
7432 3102
7070 47
1071 3015
4334 6049
5464 5374
1153 3454
3556 9210
1020 281
9186 2643
3507 9126
2135 2136
2607 885
9329 5676
5989 9775
7955 7432
3176 3054
3256 2497
3750 6002
3771 9415
4946 2640
2898 9765
2983 4357
4139 4246
3746 4452
8556 5899
6160 4494
3279 6068
1263 7290
1405 5729
150 3377
2950 8639
1060 5227
6997 5097
5767 1811
93 3740
7063 4527
1306 8491
5882 8276
8754 4103
1357 921
3657 1656
5397 2485
9001 5597
3583 7091
4451 1867
6657 9390
8481 595
1103 7453
2088 6907
441 6980
9837 5982
3923 2918
2223 7072
1739 9659
1287 6147
6355 1510
3956 7935
7454 1122
8518 6289
2949 823
8319 3929
662 7295
6237 1324
7336 5515
2421 7672
8894 7305
2850 5651
9731 4916
9558 3432
9467 4910
8666 3046
6898 205
4990 3832
1571 2962
854 697
6074 3730
1325 3778
1257 6860
3707 5661
2719 1088
8266 4774
1652 63
4827 1147
1771 4352
4968 4519
7929 7541
7544 6927
3619 2948
7644 2173
7148 4510
8150 6568
5178 5365
3600 833
6066 3599
6193 8902
1172 3574
112 3088
3497 3053
7752 4080
2096 3243
5809 1942
7514 9109
6142 6089
8967 2198
8318 7565
8753 6201
9353 2968
7164 9580
142 4891
3321 9866
9886 7179
645 4297
6455 4908
209 6638
7351 6059
4074 737
8746 5043
117 9478
8841 7460
2226 7246
8304 7582
1274 7797
219 3266
1099 6994
229 1700
8332 6161
2870 8203
2363 3548
830 6628
334 1129
7441 7738
9494 9519
2083 8563
5088 7346
1839 2772
9509 7670
4064 1664
6949 2244
4702 5721
1922 5085
5023 8261
9742 6533
9425 2484
1674 5149
4977 9590
8340 9095
907 9322
6148 6577
9789 6158
581 2372
5347 3637
9818 4451
7526 8840
9883 4552
4094 5628
1294 9175
7393 819
2695 5299
9707 5539
8836 5804
5144 4391
6967 5817
4455 3189
9304 7613
3736 9702
9428 6937
8236 6105
5996 4463
9543 5166
6169 2325
4482 1814
4513 5907
1226 5328
8807 9438
8907 5865
7501 6891
1790 9782
5940 5556
8649 5090
9493 4624
5177 8539
9034 5440
4098 6108
8990 1149
8689 3776
9777 7934
92 3836
6103 6190
409 1891
433 2165
7584 9924
2980 7444
835 4245
5424 9182
6451 4904
7304 9191
9129 7730
3236 666
2473 8965
3308 6251
8465 2689
8475 868
5833 8611
8241 6430
6047 6928
9267 9186
8606 7946
1394 5854
61 5557
7439 2016
2965 3562
791 2779
6690 2671
4646 781
9469 444
6598 5252
193 8772
3016 7371
6925 6855
7498 420
2788 2002
1645 6743
3563 6809
7608 3359
6092 4700
3559 7275
111 8461
3457 7829
9591 8664
9561 197
192 7501
4484 1879
8335 2640
4511 3861
5863 1176
5617 8192
7580 7077
1144 5426
2387 5914
4888 1237
2192 5365
7443 4134
5616 8383
3 7980
927 4849
4961 5783
9063 5315
6304 7398
7919 8106
7301 6481
7765 2196
6319 996
9110 6475
7825 9349
2755 8972
6145 4717
8536 77
9056 3681
5401 8049
5158 7629
5444 7601
4829 2274
7570 8565
388 3166
5106 8302
4084 8911
3298 9901
9158 1816
4256 6465
5806 7297
8750 6478
5620 3492
7152 1293
1477 5299
6101 8745
3711 7233
6110 4390
1507 8869
6751 380
424 1215
3617 9548
5019 9703
8463 9758
7175 1349
185 4520
4033 9093
5430 3651
6664 7553
8100 8902
9288 6033
4329 5728
4883 1798
1441 8047
6654 1997
8948 3421
3353 4336
2579 4177
9972 2399
3798 6530
3018 1751
6128 9966
5999 4708
2549 4403
5243 6375
3903 8703
5346 3052
8425 7960
8672 4528
9265 9615
9256 9718
1514 465
5103 1446
49 5697
6714 1216
6812 3463
9340 6668
4368 3322
8068 1448
2159 728
4402 2193
6203 4357
7007 9171
4400 7846
5562 8113
754 7525
1262 9320
7658 4216
2611 2651
6697 7493
1117 7317
7486 940
5117 9339
6916 5052
3051 8230
1995 5041
2167 5768
4258 1804
3079 5967
8930 1358
1317 6597
3161 796
2232 2363
2204 8608
4823 3271
4266 5957
149 1604
5812 800
6080 15
7699 4891
7365 4739
2297 524
6129 1317
7302 2314
9308 8958
7997 6721
2744 9047
6644 6373
8238 5811
8929 9420
1465 3180
9226 1450
7817 1493
8484 2352
5635 7333
603 9550
7421 1174
1505 7804
9122 1069
5108 2804
5356 5170
883 5707
5181 4071
9015 2219
453 671
132 8342
2872 3569
6419 954
4380 1956
5580 5186
4162 423
507 4453
5758 9665
5937 1911
3328 4899
9958 682
5952 7918
5391 5780
4345 6688
869 4525
3200 5759
8997 858
2577 8769
4204 4209
400 2584
9597 907
3490 4869
4151 8902
8473 3567
202 3867
9356 8473
3185 8136
4270 6345
9823 6235
6223 861
9166 8188
8321 1241
2592 8286
3659 6643
4716 6790
6525 1204
3869 5221
4686 2129
7609 4337
3197 9966
2067 1576
7675 1712
4439 9142
5719 8466
5388 1464
2654 9215
7922 4387
9743 481
8154 6366
7774 8962
3355 1153
6022 4559
713 7098
4454 4829
5633 7688
2227 3359
1659 9630
4970 3891
8895 3488
7616 670
3069 3862
7331 3927
3439 4604
7650 3984
3901 9687
5237 9111
7751 2251
4726 1639
2647 7173
1254 2552
4526 9002
8285 1677
2074 4034
497 8209
2254 7701
7328 121
9132 2725
165 4858
2341 8754
4557 715
1972 4734
877 1190
1913 9216
7891 5962
1654 9336
543 645
4342 1169
9617 8451
8913 376
956 8349
7405 561
3737 2016
356 6384
1155 9918
4328 8993
1709 1399
4875 306
7022 5695
7027 3
9857 8349
3491 8187
9230 6947
1461 9459
3781 2269
4792 5027
9046 9688
5403 2280
6325 4368
8206 7553
4265 9442
7127 7808
2479 7109
4457 238
8705 4586
1964 8967
9169 8667
5838 4945
2035 8361
6152 7627
3668 7990
2827 7312
5454 5633
9432 5937
3262 4857
3402 9221
9803 2236
9967 4534
3309 1272
6083 4497
1188 9486
9940 6477
1269 5343
3024 7642
6903 209
2256 491
4912 5049
9077 9506
4422 2574
1196 8078
6535 5965
2265 572
4815 2534
6983 2545
5930 8536
2597 2277
5065 9995
2279 5648
2780 8708
6996 7371
3260 3974
8231 3064
8034 3760
1601 9829
8817 8485
6420 3018
5652 9082
9058 8104
8343 1793
4291 850
6534 617
3005 4389
6306 2951
1462 9007
7096 3558
474 5809
5119 1278
1944 405
8367 4130
6773 8055
3366 4713
4464 7826
5306 3164
9599 2851
5386 8880
1074 4209
5748 4997
7231 2609
3338 3389
6266 9855
6258 8
3070 8579
4418 4446
9170 6336
4490 9920
1850 7929
4054 9122
8002 1785
720 6614
4728 8399
1397 6252
2121 4577
4915 7611
1958 1854
4382 9458
6291 5652
2704 8678
4460 8088
110 3230
9239 4717
2164 917
5263 5072
2234 9497
5084 2015
1057 9554
5018 4225
6151 4405
6490 4552
936 3494
2322 7449
7661 3622
887 1883
5734 7963
6883 6505
5849 8921
1006 4915
2871 5530
786 8984
987 8388
3427 4383
1236 8461
587 4271
8812 4191
1231 9312
1356 3080
616 2919
383 1624
2637 8547
4440 5186
4802 5768
1642 9855
8277 8301
7508 2289
866 8830
7574 7406
9817 274
119 7211
3458 4744
2217 1194
6588 5364
3107 8465
6974 6016
2661 7517
4952 7005
738 4741
6260 4630
5059 6734
9991 800
4305 6103
5193 3986
4317 4406
7438 5135
7392 9602
5725 8978
1976 5
1548 1956
3839 951
6522 9276
1076 666
7669 2895
243 7646
9010 3539
6230 1873
4213 6074
8345 8666
4947 5
9853 7723
2642 4050
4344 9246
6561 2472
1631 5909
3829 4479
9017 6592
839 8573
7679 9000
3712 3360
2450 3486
9751 3001
7927 164
9760 5459
7539 2208
3136 5722
7110 8101
8227 435
7516 6706
770 9373
5279 1000
3603 3116
6999 9670
1361 1581
8314 4364
8376 2992
9581 9606
3989 1225
5911 687
1222 5448
4632 4053
924 1382
4611 559
681 793
8730 6887
8802 2074
3101 7681
4958 7301
6378 5487
3297 4058
2262 2644
9978 4166
829 1763
3779 1013
6180 4078
4101 6416
9136 7485
1460 7046
4995 8572
4638 6403
2986 7817
3523 1364
9921 9684
4839 4923
9927 4992
8780 1296
2707 1899
5750 5958
1106 3451
5829 5009
9019 345
2686 1108
455 5989
9704 5878
9698 5561
775 1948
3588 7099
1388 7841
1846 6140
7487 5116
1430 9590
3647 1549
1406 6888
6621 9182
4965 1150
6791 6216
7762 8786
8886 8282
7799 1688
4242 3184
935 7774
1586 436
5740 389
7288 2323
2182 7293
6825 7536
8467 1723
8337 7323
4190 813
4423 1317
7958 222
3532 2389
5595 7974
5776 238
7850 126
6093 2795
5419 2396
9532 5784
1432 733
3698 6833
3722 1794
5788 4084
260 8558
3611 1140
721 2131
9023 4514
9739 6014
8291 5200
5731 8703
3041 3545
8400 5031
8933 6887
4998 6543
9830 2052
1118 6932
2189 4169
6720 6592
7818 711
7783 2298
8947 307
4268 5621
7733 4637
4661 8702
7755 1369
332 4382
5656 89
5553 3427
1864 4305
1042 2080
4313 1906
7217 7587
2985 2081
8258 7263
4414 3851
742 471
528 3212
8255 957
5660 2354
302 1607
3311 6968
1678 8494
5832 2157
1675 9985
9871 7125
953 2822
5790 7669
7716 8409
4723 1592
500 9359
8638 5316
3330 8241
7640 7081
2068 6616
5819 7082
9545 4087
1374 9218
5037 1595
5152 801
3977 9883
2240 4819
4692 9401
106 491
4114 416
283 489
5823 5510
7380 4414
3547 2736
538 724
5427 7808
9430 170
4187 1334
1199 7546
5522 2354
6135 3806
3683 3338
9931 9590
2910 5499
5665 1825
9700 8668
1298 7592
32 8190
1761 3518
1486 1423
7012 7020
5338 4026
3962 5984
3684 5300
95 1825
2077 3207
5488 4262
9741 8114
82 4650
5183 893
4333 8812
7079 8120
611 5616
3002 3747
5976 8265
3991 5091
8370 2747
5323 8970
6462 5257
6210 5989
4750 592
8040 9015
3713 8133
9039 991
73 5386
6556 5186
1212 491
1383 7711
8121 9275
2296 8565
9601 7934
1295 6408
5796 5991
178 8684
4870 6955
6502 89
5585 3973
349 1044
610 6596
1914 4873
2526 7269
7630 9931
3694 552
4735 2313
4677 3250
4069 1239
5160 7870
9977 5478
1314 7349
5434 4909
8589 1100
4673 8786
1727 8610
3443 6530
5433 5202
3786 1196
9231 9869
1573 1416
9762 4623
3294 2715
9613 6398
9850 155
9086 2521
8825 8315
6470 9423
7434 6425
6870 9498
501 5111
7586 4092
8300 5620
1183 645
2331 7047
6273 222
6679 7075
1498 1957
3824 8995
8142 5776
5986 5901
8329 5631
4859 8953
234 8807
7254 5488
5565 3443
5810 2897
375 4617
5567 1871
6326 4999
2923 5016
4506 9577
7344 6744
7941 5309
7161 4735
463 7755
9041 9242
5632 313
3799 6722
4538 5077
3422 1745
1800 5737
7242 3444
8331 6192
3247 2250
5935 6755
5825 1581
8205 8229
3960 7629
3318 2484
2667 8304
5417 6759
7993 8038
1377 6409
6246 3942
4408 6537
546 3563
1926 6336
9706 5670
4816 3050
4031 1739
7678 8692
8147 547
8129 6095
8706 8736
2490 9156
9600 8550
3156 6951
4385 7483
658 8710
9259 7823
37 3346
1599 2616
8542 1439
1429 3953
8179 8694
4486 1426
5062 5386
838 8317
6850 6801
2306 9119
6428 212
1634 9515
3123 9618
6469 2672
2051 1615
5611 5223
1240 6100
4936 9053
8876 1757
8094 965
3809 8999
9808 553
5481 8133
8152 9581
2751 4821
46 5005
8816 8785
9027 6062
5581 6082
1823 2225
8199 509
5671 6911
772 3014
5928 2175
3999 6152
9294 6420
2139 875
54 4351
6155 7221
9385 1006
2885 6454
5371 5981
6555 7726
4163 5094
3719 1535
4211 5103
4226 3100
6406 2675
916 2269
8923 3996
4483 5433
1402 7717
3653 6722
7856 1616
9792 4098
6035 9142
1670 1728
198 9224
6703 9682
7552 7771
4771 1163
4442 9518
6314 8252
6075 1561
2463 6730
2093 8589
1949 6260
3692 2308
3693 3717
3893 2623
1067 8458
6963 7249
9672 6307
2774 6267
6395 2413
527 2543
899 2865
5064 1833
3733 5594
1736 7780
1036 3365
6576 7464
3482 1654
6702 2996
7396 8041
2249 6046
6214 3903
5296 7589
7597 3307
5524 8965
8543 7233
1167 5285
1544 1581
8701 9483
1318 6074
5589 7329
3126 6692
5856 4653
7543 241
8479 1094
6971 1008
6410 7824
2532 2236
5822 2508
7488 5818
5690 1463
9123 5060
8396 2406
9934 6321
1433 5167
8482 7711
1015 866
272 4712
971 4690
6785 9990
9084 3214
2576 9519
9932 2371
2904 2510
8459 2952
7944 7772
7660 278
1934 5023
5841 9586
7430 9412
6990 6603
58 4313
535 4279
9062 6815
7999 9798
529 4132
3272 7206
6731 5527
9750 4395
2953 8674
2588 1038
7638 9181
5351 2260
2302 3504
7657 3584
5696 4617
7482 9459
3706 9432
8529 8036
7561 1828
3773 6708
763 2609
7695 3971
9222 7590
184 96
3009 7674
5528 4836
217 6040
6767 6800
1511 897
5593 7622
1342 5920
5765 9566
949 5868
1078 1982
9588 3100
2956 2903
683 2248
3552 2533
1550 5809
9144 1330
4795 2388
1822 8774
693 9664
4325 2984
6170 2701
1999 8695
9319 5711
9984 4944
5367 1356
3585 17
9411 5247
6560 9185
9502 3097
4049 9837
1760 3571
9107 5140
5987 6170
9451 7007
1931 1383
2453 5019
8268 9057
9873 741
6448 710
4833 5413
4110 6022
5521 6668
4544 3219
7520 3794
3495 7522
9785 1090
1440 7023
5959 1801
820 8335
2349 1613
7631 2780
118 2277
8938 8754
4047 591
8979 7550
2778 7315
6763 5624
5636 5057
1449 4464
6599 2854
6611 5649
802 1931
8470 7971
7415 3366
7280 1092
3481 801
6564 9966
1904 8014
2097 5084
8178 3471
8496 19
2756 5627
6836 7275
5647 7309
1261 6934
6107 9798
5563 8230
9544 5959
1380 1109
422 4251
9512 2230
7361 1281
3075 1955
3152 132
2403 6939
8498 7401
2285 9629
8643 9134
5747 2811
3641 4763
3259 5895
4359 7545
4299 1919
7167 5515
6631 811
621 6280
9085 6953
2763 874
5283 4430
7035 4550
9141 4620
7912 4241
2310 9126
6608 7714
9868 8726
1 7710
8961 7236
177 6222
5552 2949
239 6114
2498 9740
7085 3463
6831 9217
3464 795
401 4166
7016 6478
7102 8448
1428 3386
9539 7527
4533 475
646 2933
2264 9153
261 9505
3992 3603
9852 6797
5293 4537
156 9109
8813 2922
900 1668
6243 6684
9768 117
2212 9082
4335 765
9831 5907
7534 1784
7338 3605
9351 7151
4706 8335
2862 3930
8520 8581
5699 8326
5035 8265
7326 1357
4154 4607
2677 8116
8693 9633
9661 7081
3914 1708
252 2748
2838 432
8056 5395
1171 3162
6562 7029
2777 1312
8444 209
13 1463
445 6352
8440 3079
7446 4796
7567 8208
1840 3968
5095 9005
1930 6772
906 1542
5782 2504
8551 7565
1539 1295
3081 4075
5198 8671
605 2995
8794 5813
6242 5793
8718 6542
6017 6411
7364 7477
1531 3232
2765 1085
2425 7119
6853 4998
5668 4196
5468 8775
6473 2952
1031 9023
8183 1074
2610 6365
886 9630
3224 3267
4062 8783
3643 6409
8791 8227
7956 7877
72 6465
6183 31
2947 2255
6013 5580
5460 4738
8280 9202
5503 4083
3998 4909
1555 3542
6881 107
641 2199
7786 9151
5828 250
9705 4510
4832 1894
2220 3687
6446 9009
3894 4364
9692 4651
752 5403
3648 1631
6715 6522
1706 6106
7577 4572
4973 8478
8401 3882
7377 8043
9957 3320
3830 1639
7230 4328
3348 7802
6452 4719
1545 8723
2178 96
4757 1493
7857 7132
7720 3419
4889 5987
2782 7852
4807 1248
7181 3815
5970 8120
1112 3556
6552 5347
6584 7357
9944 2462
8071 954
4419 7027
4016 9611
5874 1611
8620 7271
3868 320
8810 1020
8580 2234
640 6720
1255 1937
7239 234
782 6170
7647 6345
4935 7123
2213 8939
5938 4392
1847 5265
7916 2022
263 1153
3252 9708
549 6471
5264 4575
3115 1076
6817 6463
8297 8723
298 6856
9644 2888
4508 2378
8487 7976
7076 8866
573 6788
8863 9144
3943 8800
1004 3775
860 8758
7641 8442
1025 8154
4844 4069
4987 1283
7702 8004
2969 3407
6050 2334
1593 8727
6333 2021
268 672
2180 3826
9174 5851
6516 346
4131 2185
4036 1217
9585 3746
5379 9940
2702 1907
8777 1561
6908 258
7465 4390
1219 7833
946 4531
2259 7164
9354 1764
2924 381
6728 6927
2001 6227
7556 9774
1070 4447
1093 1217
4052 7521
3284 825
1271 2389
318 1117
9 639
3186 2650
9752 4957
4602 1872
2253 4430
593 4393
6220 9224
9140 2400
9092 8964
6008 6959
1936 8105
2964 2832
8924 5854
8480 6807
8125 7335
4441 1406
4254 6203
6176 2494
5761 7236
9715 5223
3408 1828
2200 4753
6921 856
9487 5557
2905 7962
3415 5402
3303 3361
476 2715
4806 3322
3440 3052
8776 6705
115 6982
4982 4887
4847 9748
5291 4577
7851 2571
9503 2836
1047 8402
5033 343
8585 1529
6283 1290
5392 9682
6149 5679
4358 7337
4035 5363
4004 904
6880 7175
4571 1499
7471 2781
8159 8865
5905 9584
746 4121
4310 7842
5985 2708
9882 3850
655 9566
8808 9219
1983 6977
6271 6039
9563 9194
8996 2150
3823 2291
8711 9984
8654 5119
7466 2980
5614 156
1336 5531
4811 3950
526 8244
9881 9765
9755 9361
1350 7099
218 1290
3952 1053
2420 1790
8228 2422
8500 2766
5330 1876
2994 1315
2803 819
440 9893
9766 1128
1114 7158
2166 9939
5712 5394
8098 2640
2886 5886
9448 2591
701 7982
3306 8427
4145 1701
1396 3475
1831 5788
2344 7983
3000 1476
4962 3682
3468 1297
407 744
3528 7949
1288 6193
5268 8462
9815 2158
2794 7384
9378 2760
6861 6249
9286 1447
5850 9138
3904 8742
6863 8266
9942 4306
5542 4607
9488 8858
6412 6324
745 1960
7655 9374
9154 7131
537 1562
7002 3689
8384 8078
4059 6568
1699 7179
9460 7054
665 4412
9173 6048
9348 5113
6693 1583
55 8434
5271 6706
1467 4868
275 1681
443 5483
9971 9972
1107 2267
4183 3937
9089 8965
2861 3918
3803 1023
7605 7282
5919 219
7235 5979
8517 4180
3142 5817
1554 6153
4921 4469
9464 3692
4179 9911
4682 1161
1538 9092
5543 5482
4697 1195
1265 5618
5199 9558
945 6988
2195 2211
4846 7076
4302 1278
4090 5517
3276 3373
2598 9266
9434 9210
5569 7854
3347 8257
9101 8506
7069 6459
3106 3419
867 2051
4679 2238
651 8419
6208 4072
53 9703
3226 593
2547 7335
1620 6700
8637 6524
3702 2421
2477 8967
4918 1872
2926 9170
5258 3177
2560 3409
6823 8705
7240 4190
5925 9783
201 6761
7117 6802
5476 9255
1041 2851
108 5264
7628 6357
761 9080
2243 6359
6381 5627
1742 9567
3666 9653
7210 4593
4122 4770
764 136
4283 1078
280 7189
8599 5788
685 8780
8246 1706
6034 3436
751 9360
8868 1095
5366 7840
1051 4842
191 178
9238 7381
8019 4720
5658 9463
7911 1409
1985 2355
3288 5528
5997 9766
2290 6172
6061 269
9501 3176
8956 3096
9326 5229
3925 7850
6276 9444
1667 9919
7600 7144
9264 6131
1918 7861
6803 9215
51 5505
9018 2905
7343 802
6028 8146
7787 744
1582 5254
5151 6823
6852 234
8622 603
4220 7032
3933 6304
8586 5075
223 7063
6998 307
5845 7919
1087 1047
8903 8635
2146 1770
9989 1779
2899 2501
4933 8924
9301 6544
1637 9609
3484 3872
3513 5912
6436 3854
9631 9605
6457 5626
6681 3716
24 7824
8614 274
2988 2969
939 1152
4223 5535
9069 8986
4902 5975
3758 8745
3021 4271
3065 3672
6653 2391
9699 6410
3842 2341
840 2300
7183 6417
4898 6223
6658 105
457 8615
8333 3989
2663 9992
3290 1421
1635 8756
5175 3912
7740 6878
7549 2676
8336 6934
7283 8093
3728 9992
6329 5478
9674 7462
2480 9105
8665 9976
590 5185
8501 6745
5067 6178
2105 3710
